ぁ 1,359.7323,214.0023 1,248.8896,169.3665 
い 1,276.8269,143.0140 1,359.3634,180.0111 
ぇ 1,358.4926,114.0395 0,179.4838,111.0045 1,270.0000,118.0000 1,356.4862,114.2147 
ぇ 1,180.0000,133.0000 1,266.3086,124.2578 1,357.9300,166.1084 
ぉ 1,1.6250,141.0567 1,270.6903,83.0060 1,184.5140,152.4729 1,271.4144,81.0247 1,357.9786,170.1058 
ぉ 1,359.4437,103.0049 1,283.5704,89.4986 0,182.1017,109.0734 1,2.7263,105.1190 0,183.5763,112.2185 1,276.8700,83.6002 1,359.1048,128.0156 
ぉ 1,3.0822,130.1883 1,236.1429,190.2630 1,0.4735,121.0041 
け 1,277.3058,157.2768 0,91.7098,134.0597 1,358.5406,157.0509 1,263.2902,119.8207 0,183.1798,126.1943 1,0.3603,159.0031 
け 1,275.7856,228.1622 1,90.7345,156.0128 1,36.0983,118.8108 1,336.9032,73.9256 1,266.8636,73.1095 1,222.4170,188.2817 1,3.0128,171.2367 
け 1,285.3128,174.1838 1,100.8082,111.9866 1,65.7256,55.9464 1,14.7436,78.5875 1,338.8387,66.4831 1,263.1818,92.6553 1,204.4440,144.9966 1,1.8358,156.0801 
げ 1,268.9646,166.0271 1,0.5070,113.0044 1,90.7742,148.0135 0,218.5926,133.0601 1,359.4695,108.0046 
げ 1,267.5104,207.1956 0,50.0472,249.1606 1,268.4602,186.0672 0,151.2707,153.9513 1,4.1748,137.3645 0,211.3041,173.2166 1,0.7588,151.0132 
げ 1,271.4688,156.0513 1,321.0090,81.0555 1,7.1250,64.4981 1,87.5853,166.1475 0,213.4137,172.5138 1,0.7538,152.0132 
げ 1,291.0375,181.0690 1,60.5364,176.8757 0,210.3902,154.1850 1,5.5055,83.3847 
さ 1,240.0831,206.5188 0,55.2754,122.8861 1,319.5538,160.3122 
し 1,229.3987,82.9759 1,270.0000,61.0000 1,329.7436,41.6773 1,13.4218,90.4710 1,95.5722,82.3893 1,165.4889,87.8009 
し 1,346.3730,67.9117 1,311.7428,87.1149 1,240.9454,82.3650 1,181.3639,84.0238 1,142.4314,49.2037 1,92.0826,55.0364 1,29.9457,106.1744 
し 1,280.1755,39.6232 1,349.4608,43.7379 1,82.6004,77.6466 1,176.8202,54.0833 1,232.1250,45.6070 
し 1,268.6678,43.0116 1,351.8699,49.4975 1,68.3177,89.3197 1,180.0000,50.0000 1,241.0490,53.7122 
し 1,165.0686,77.6209 1,75.3791,47.5395 1,357.2737,63.0714 1,258.0707,72.5672 
し 1,37.0199,76.4003 1,99.6599,47.6760 1,162.6460,33.5261 1,207.7585,42.9418 1,260.3112,41.5933 1,331.7503,76.0592 
し 1,259.0889,84.5281 1,151.3139,60.4152 1,51.1702,52.6308 1,339.5901,45.8803 
し 1,164.5115,86.1278 1,248.6631,68.7095 1,341.2883,65.4599 1,76.1153,91.6788 
し 1,235.7510,56.8595 1,325.7843,30.2324 1,62.7004,34.8855 1,127.7468,39.2046 
し 1,308.9910,54.0370 1,199.7468,41.4367 1,107.5256,39.8497 1,15.5928,44.6430 
じ 1,358.8427,99.0202 1,226.1885,170.4494 0,44.2361,106.0754 1,320.2624,107.9352 
じ 1,0.0000,171.0000 0,180.0000,83.0000 1,246.9852,122.7721 0,66.9296,117.3882 1,298.6518,110.5351 
ず 1,264.1737,49.2544 0,184.8208,83.2947 1,4.1942,150.4028 1,225.0000,181.0193 0,42.2361,102.6499 1,311.0698,92.8493 
ず 1,358.1524,31.0161 0,213.1113,82.3772 1,357.3057,85.0941 1,233.5991,146.6049 0,49.8739,91.5478 1,324.3350,104.6231 
ず 1,358.1524,31.0161 0,213.1113,82.3772 1,357.3057,85.0941 1,233.5991,146.6049 0,49.8739,91.5478 1,324.3350,104.6231 
せ 1,359.5659,132.0038 1,277.9175,152.4533 0,144.7486,162.8650 1,1.7227,133.0601 
ぜ 1,0.5563,103.0049 0,210.2917,116.9701 1,359.4437,103.0049 0,151.3051,108.3005 1,270.5563,103.0049 1,358.1374,123.0650 
ぜ 1,358.4234,109.0413 0,179.4838,111.0045 1,271.0512,109.0183 1,358.9949,114.0175 0,149.7436,125.0320 1,358.1524,93.0484 
そ 1,0.9240,186.0242 0,183.9794,115.2779 1,267.7094,100.0800 0,54.5200,115.4340 1,269.3772,92.0054 0,180.0000,126.0000 1,359.7347,216.0023 
ぞ 1,311.0091,60.9590 0,193.4486,94.5939 1,359.6231,152.0033 0,204.2858,89.9611 1,253.0092,75.2861 1,358.1524,31.0161 1,63.4349,44.7214 1,136.9306,62.9682 
ぞ 1,307.0565,61.4003 0,192.0306,124.7397 1,3.2961,191.3165 0,205.6937,117.6308 1,346.1713,66.9403 1,221.9872,67.2681 1,133.3634,49.5177 1,36.1193,45.8039 
ぞ 1,0.0000,66.0000 0,199.3780,153.7075 1,0.8467,203.0222 0,198.1527,128.3900 1,247.8097,82.0792 1,3.9647,101.2423 1,111.4477,60.1664 1,168.9298,46.8722 
ぞ 1,358.1221,61.0328 0,194.8265,140.6840 1,359.3377,173.0116 0,216.5289,67.2012 1,315.0000,28.2843 1,248.8387,33.2415 1,199.2127,69.8928 1,97.3860,54.4518 1,12.3625,74.7329 
ぞ 1,272.6026,44.0454 0,183.9005,88.2043 1,1.1017,156.0288 0,205.9588,84.5281 1,248.1986,48.4665 1,11.6894,59.2284 1,143.3103,63.6003 
ぞ 1,271.3322,43.0116 0,183.7640,76.1643 1,2.2724,126.0992 0,207.2351,76.4788 1,343.3008,52.2015 1,244.0577,41.1461 1,135.0000,48.0833 1,47.0454,39.6232 
あ 1,358.6028,82.0244 1,267.7974,78.0577 0,87.3676,87.0919 1,349.2490,80.4114 1,270.8185,70.0071 
あ 1,1.3322,129.0349 1,266.8636,73.1095 0,125.3313,96.8349 1,256.5348,73.0068 
え 1,358.6028,82.0244 0,187.8002,73.6817 1,258.1579,63.3482 1,0.0000,72.0000 0,76.9448,70.8308 1,1.7098,67.0298 0,187.9072,72.6911 1,266.1215,59.1354 1,356.8202,72.1110 
え 1,0.0000,105.0000 0,180.5457,105.0048 1,269.1697,69.0072 1,358.5057,115.0391 0,130.9717,100.6578 1,270.8952,64.0078 
こ 1,266.3381,125.2557 0,59.5564,132.2309 1,270.0000,99.0000 0,157.0113,71.6938 1,5.3558,64.2806 0,213.4654,70.7248 1,1.8779,61.0328 0,83.7227,100.6032 1,272.0826,110.0727 0,61.3895,125.2996 1,269.4930,113.0044 0,138.0775,65.8559 1,3.0665,56.0803 0,208.4127,69.3542 1,0.0000,57.0000 
こ 1,290.1196,107.5639 1,47.1211,38.2099 1,87.1844,61.0737 0,225.0000,76.3675 1,3.4336,50.0899 0,69.3256,56.6480 1,281.6894,88.8426 1,70.0744,85.0941 0,229.8208,58.8982 1,1.9092,30.0167 
こ 1,269.0290,118.0169 1,358.5185,116.0388 1,90.0000,126.0000 0,210.3526,128.6313 1,0.4696,122.0041 0,135.0000,80.6102 1,265.1148,117.4266 
ざ 1,243.8457,124.7758 0,64.5731,67.5426 1,333.4349,53.6656 0,66.1247,66.7083 1,251.5651,101.1929 0,80.1342,46.6905 1,324.1967,75.2130 
ざ 1,238.2609,114.0570 0,36.2766,135.2072 1,238.6504,101.8725 0,113.8753,66.7083 1,336.6823,126.3171 
す 1,4.0283,71.1758 1,238.9348,96.8969 0,48.7153,54.5619 1,304.5085,38.8330 0,89.2462,76.0066 1,0.0000,46.0000 1,239.2373,97.7548 0,58.3245,55.2268 1,305.0738,57.4282 
す 1,4.3987,78.2304 1,236.5922,112.6055 0,54.0085,117.4138 1,355.8151,41.1096 1,243.9046,109.1238 0,109.4400,54.0833 1,340.0620,108.5035 
す 1,0.0000,91.0000 0,185.5722,41.1947 1,248.7495,96.5660 0,70.1775,91.4166 1,292.2176,76.6942 0,71.3505,84.4334 1,0.0000,59.0000 0,183.2705,35.0571 1,247.8548,92.8493 0,65.1363,90.3770 1,296.5651,102.8591 
ぉ 1,0.8551,134.0149 1,268.0908,60.0333 1,214.5280,151.7267 1,343.8461,150.9603 
ず 1,1.4502,79.0253 0,204.3818,152.6106 1,2.9440,175.2313 0,184.9392,81.3019 1,249.3193,161.4001 0,69.3580,156.0160 1,299.8311,164.8423 
ず 1,273.6330,63.1269 0,181.2730,90.0222 1,3.5763,192.3746 0,185.3893,106.4707 1,248.3556,135.5581 0,69.0525,137.0584 1,298.9264,130.2498 
ぞ 1,3.1221,55.0818 0,202.6199,91.0000 1,2.7792,103.1213 0,214.0772,82.0975 1,337.6713,60.5392 1,76.7595,34.9285 1,182.6026,44.0454 
し 1,205.6410,55.4617 1,298.7060,47.8853 1,23.3177,63.1585 1,114.9439,47.4236 
し 1,321.1155,39.8246 1,228.5763,45.3431 1,156.1398,56.8595 1,57.6804,57.9828 
こ 1,271.0140,113.0177 1,358.6252,125.0360 1,89.5185,119.0042 0,183.1221,55.0818 1,270.0000,117.0000 0,138.7517,86.4523 1,0.0000,113.0000 
こ 1,268.2101,128.0625 1,1.6847,34.0147 1,86.2174,121.2642 0,241.6543,86.3539 1,3.0128,38.0526 0,71.1139,80.3243 1,267.6909,124.1008 1,6.7890,42.2966 1,89.5145,118.0042 0,245.9657,81.0247 1,1.6366,35.0143 
し 1,308.2338,42.0119 1,253.7398,75.0000 1,195.4786,67.4463 1,129.0355,47.6340 1,70.4269,47.7598 1,6.7536,76.5310 
し 1,235.6197,69.0652 1,314.0906,44.5533 1,5.1944,66.2722 1,104.4208,72.2772 
け 1,269.4437,103.0049 0,80.6279,104.3935 1,356.7905,107.1681 1,267.4831,91.0879 1,180.6031,95.0053 
し 1,244.5731,67.5426 1,349.5625,77.2787 1,94.5140,76.2365 
し 1,271.0230,56.0089 1,180.0000,54.0000 1,73.7798,57.2800 
ぉ 1,0.0000,103.0000 1,270.0000,72.0000 1,184.3323,66.1891 0,180.0000,23.0000 1,270.9548,60.0083 1,1.0416,110.0182 
ぉ 1,0.0000,112.0000 1,233.3439,107.2007 1,2.9682,135.1814 
ぉ 1,2.2026,104.0769 1,278.3257,41.4367 1,211.3135,140.4600 1,0.4441,129.0039 1,47.9108,41.7732 
ぞ 1,358.9949,57.0088 0,197.2815,94.2550 1,0.8882,129.0155 0,204.7174,69.3542 1,240.6422,36.7151 1,343.5400,45.8803 1,90.0000,46.0000 
げ 1,265.3645,111.3643 0,55.9722,141.1737 1,264.4547,103.4843 1,182.5448,45.0444 1,67.2490,33.6155 1,3.7314,46.0977 
し 1,258.0558,53.1507 1,3.9182,73.1710 1,133.5797,85.5862 
し 1,304.4722,81.2712 1,183.0529,75.1066 1,73.7060,67.7200 
さ 1,246.4878,167.9434 1,50.3431,98.7168 1,306.8699,60.0000 
し 1,265.9144,42.1070 1,340.6410,39.2173 1,75.4655,55.7853 1,148.4310,97.4166 
ぉ 1,358.5679,80.0250 1,241.4649,182.1236 1,1.9749,87.0517 
ぉ 1,0.4244,135.0037 1,226.4502,111.7587 1,357.0892,59.0762 
ぞ 1,1.8882,91.0494 0,200.7142,127.2242 1,6.5090,149.9667 0,205.6768,115.3950 1,6.0090,76.4199 1,248.0394,66.8506 1,160.8210,48.7032 1,62.5603,58.5918 
ぞ 1,358.4306,73.0274 0,199.9831,117.0470 1,359.3097,166.0120 0,197.5924,129.0349 1,359.4213,99.0051 1,232.9801,76.4003 1,112.7144,93.2309 
ぞ 1,0.0000,42.0000 0,204.9812,97.0824 1,0.9470,121.0165 0,192.8356,81.0247 1,300.9638,58.3095 1,50.4774,51.8556 1,183.0128,76.1052 
げ 1,278.5308,161.7900 0,69.1142,162.6899 1,272.2370,128.0976 1,193.4486,47.2969 1,122.3807,48.5489 1,64.7223,39.8121 1,0.9710,59.0085 
げ 1,284.0362,136.0625 0,58.4652,154.8709 1,272.7525,104.1201 1,198.7413,59.1354 1,120.0184,51.9711 1,16.9553,85.7263 
こ 1,270.0000,133.0000 0,61.1519,134.7182 1,263.3792,112.7519 1,181.7899,32.0156 1,98.2971,48.5077 1,2.1211,54.0370 0,67.5741,68.1542 1,266.5664,100.1798 0,65.1906,116.7776 1,270.5729,100.0050 1,184.5140,38.1182 1,91.4688,39.0128 1,1.0809,53.0094 
こ 1,272.1693,132.0947 0,57.2209,157.0000 1,265.7462,121.3342 1,181.8183,63.0317 1,96.4831,44.2832 1,2.6026,88.0909 0,128.7581,91.0494 1,270.0000,114.0000 
ぉ 1,0.5968,96.0052 1,275.7106,50.2494 0,182.6943,85.0941 1,0.0000,92.0000 0,184.3045,93.2631 1,334.1790,103.3151 
ぞ 1,336.4253,60.0083 0,184.8852,117.4266 1,359.2883,161.0124 0,194.5111,87.8009 1,297.1497,43.8292 1,148.2405,49.3964 
こ 1,271.3639,168.0476 0,59.5945,193.6311 1,267.0727,176.2300 0,62.2943,202.1806 1,269.3179,168.0119 0,162.8755,193.5820 1,3.3665,187.3233 0,201.5898,201.1094 1,0.0000,192.0000 
ぉ 1,180.0000,99.0000 1,91.1935,48.0104 1,6.0725,94.5304 1,86.3086,62.1289 1,181.1017,104.0192 
さ 1,242.3393,163.7101 0,63.1660,95.2575 1,308.1856,113.2299 1,53.6156,23.6008 
し 1,250.3462,104.0625 1,341.5651,50.5964 1,47.1211,76.4199 1,98.5959,86.9770 
し 1,295.1330,89.4707 1,212.5500,55.7584 1,145.0975,52.4309 1,71.7915,80.0062 
ぞ 1,358.6028,41.0122 0,203.9625,78.7909 1,357.7454,127.0984 0,195.0184,84.8999 1,0.0000,41.0000 1,287.1759,57.5674 1,194.8586,50.6952 1,130.7321,47.5079 
ぞ 1,0.0000,46.0000 0,203.0255,86.9253 1,0.5405,106.0047 0,203.1265,104.3887 1,302.4712,52.1536 1,11.0409,41.7732 1,93.1798,54.0833 1,170.2724,35.5106 
ぁ 1,2.1099,190.1289 0,0.0000,0.0000 1,331.2797,83.2406 0,0.0000,0.0000 1,277.5494,83.7257 0,0.0000,0.0000 1,253.5296,119.9208 
ず 1,0.0000,117.0000 1,281.3099,25.4951 1,232.5238,189.0106 0,58.1726,102.3963 1,309.0939,103.0776 
え 1,180.0000,66.0000 1,264.2894,70.3491 1,359.2258,74.0068 0,39.1440,110.8873 1,180.0000,71.0000 1,266.8202,72.1110 1,0.0000,80.0000 
げ 1,266.7060,139.2300 1,1.3169,87.0230 0,86.1859,135.2997 1,266.4237,128.2498 0,145.6698,99.2975 1,358.5498,79.0253 
こ 1,266.9335,112.1606 1,359.1048,64.0078 0,85.9144,112.2854 1,265.2364,108.3744 0,135.5673,71.4213 1,357.5634,47.0425 0,59.0362,69.9714 1,268.4378,110.0409 1,0.9548,60.0083 0,90.5305,108.0046 1,268.9391,108.0185 0,132.2737,74.3303 1,358.7811,47.0106 
ぜ 1,180.0000,100.0000 0,330.5844,107.9120 1,182.2680,101.0792 0,81.1796,58.6941 1,271.0708,107.0187 1,358.2101,96.0469 
せ 1,2.0096,114.0702 1,244.1556,142.2252 0,115.2405,77.3886 1,4.1446,69.1809 
げ 1,272.5791,111.1126 0,87.5104,46.0435 1,6.0542,66.3702 0,90.0000,59.0000 1,265.4261,100.3195 1,192.4259,60.4152 
げ 1,272.0826,110.0727 0,50.5453,146.3489 1,270.0000,103.0000 1,190.4915,82.3772 0,104.4208,36.1386 1,6.6325,86.5794 
け 1,297.0309,55.0091 1,0.0000,91.0000 0,150.8995,121.3136 1,1.9979,86.0523 1,282.7244,63.5610 
