#group1
た 1,271.5985,215.0837 0,90.0000,101.0000 1,3.0941,74.1080 
ち 1,271.2590,182.0440 0,86.1215,118.2709 1,357.6141,48.0416 0,223.8983,73.5527 1,1.0809,53.0094 
っ 1,359.3839,93.0054 0,85.8296,96.2549 1,272.7134,211.2368 
づ 1,4.8136,95.3362 0,224.0398,126.5899 1,0.6296,91.0055 0,89.6610,169.0030 1,269.7572,236.0021 
び 1,266.9872,190.2630 
た 1,328.0791,71.8679 1,273.1108,184.2715 0,93.2155,89.1403 1,1.5482,74.0270 
ち 1,325.1755,56.0357 1,272.4110,190.1683 0,94.4365,116.3486 1,359.3260,85.0059 0,204.0265,90.8735 1,0.0000,99.0000 
っ 1,2.0454,56.0357 0,107.4472,110.0636 1,319.0283,50.3289 1,271.1382,151.0298 
づ 1,2.0096,57.0351 0,220.4261,70.9366 1,358.9770,56.0089 0,105.5463,138.0507 1,315.0000,59.3970 1,269.6374,158.0032 
び 1,338.0394,66.8506 1,271.4232,161.0497 
だ 1,268.3153,204.0882 0,85.0540,104.3887 1,3.8141,60.1332 0,90.6366,90.0056 1,271.7270,199.0904 
ぢ 1,271.1070,207.0386 0,87.6909,124.1008 1,2.1211,54.0370 0,213.4399,63.5138 1,358.8542,50.0100 0,87.7454,127.0984 1,272.1713,211.1516 
つ 1,0.0000,75.0000 0,86.5936,84.1487 1,265.5488,167.5052 0,74.0546,196.5630 1,270.2795,205.0024 
て 1,0.0000,110.0000 0,214.0662,126.7517 1,358.8767,102.0196 0,86.8966,166.2438 1,267.5104,253.2390 0,79.4461,267.5257 1,270.3757,305.0066 
#group2
で 1,274.5739,100.3195 0,183.2245,142.2252 1,359.8024,290.0017 
に 1,272.6026,88.0909 0,51.2635,116.6619 1,271.2189,94.0213 0,183.6285,205.4118 1,1.5429,297.1077 
ぬ 1,0.7742,296.0270 0,181.8476,124.0645 1,272.9108,118.1524 
ば 1,359.7031,193.0026 0,183.8785,118.2709 1,263.1076,91.6624 0,52.0833,120.4201 1,268.7410,91.0220 
ぱ 1,358.9241,213.0376 
ぬ 1,359.7498,229.0022 0,221.7790,163.6001 1,85.2799,109.3709 
#group3
と 1,270.0000,85.0000 0,180.5563,103.0049 1,0.0000,199.0000 0,86.5601,183.3303 1,270.7994,215.0209 0,90.4658,123.0041 1,0.0000,70.0000 
ど 1,271.4879,77.0260 0,180.5968,96.0052 1,0.6194,185.0108 0,88.2101,192.0937 1,270.5457,210.0095 0,90.4855,118.0042 1,0.0000,51.0000 0,91.3804,83.0241 1,272.0989,191.1282 
な 1,271.5482,74.0270 0,183.4682,132.2422 1,1.1322,253.0494 0,87.8789,243.1666 1,271.9614,292.1712 
ね 1,359.4063,193.0104 0,179.3772,92.0054 1,269.3179,84.0060 0,34.2611,83.4865 1,359.2152,73.0068 0,89.6920,186.0027 1,271.2400,231.0541 
の 1,359.2412,151.0132 0,181.5275,75.0267 1,270.0000,77.0000 0,32.0054,66.0379 1,2.6838,64.0703 0,88.4826,151.0530 1,270.3201,179.0028 0,77.9460,196.3288 1,267.6863,198.1616 
は 1,359.6952,188.0027 0,181.4688,78.0256 1,266.3086,62.1289 0,61.4915,224.1830 1,271.1288,203.0394 
ひ 1,0.8648,265.0302 0,87.0711,215.2812 1,273.0471,263.3724 
