丑 (76,68) (77,67) (80,67) (83,67) (88,67) (91,67) (95,67) (96,67) (100,66) (103,66) (108,65) (115,64) (122,63) (126,63) (127,63) (128,63) (129,63) (129,64) (128,68) (126,73) (125,77) (123,80) (121,83) (118,87) (118,91) (118,93) (117,94) (117,96) (117,97) (117,98) (116,99) (116,101) (114,105) (113,106) (113,108) (112,110) (110,112) (109,113) (108,115) (-1,-1) 
中 (84,55) (84,58) (84,64) (84,68) (84,73) (84,75) (84,79) (84,83) (84,89) (85,93) (86,98) (88,102) (90,107) (92,110) (95,114) (102,119) (106,120) (111,120) (114,120) (117,120) (123,120) (129,120) (134,120) (135,120) (137,120) (135,120) (-1,-1) 
仄 (180,164) (179,163) (170,163) (166,161) (160,158) (155,156) (153,153) (151,152) (148,149) (144,143) (142,141) (142,139) (138,134) (134,128) (131,124) (130,120) (129,117) (128,113) (128,109) (128,105) (128,102) (128,98) (128,93) (130,90) (131,89) (136,85) (141,84) (144,84) (147,84) (150,84) (153,84) (155,84) (159,84) (162,87) (165,89) (169,95) (171,97) (173,101) (174,104) (175,107) (175,109) (175,111) (175,112) (175,113) (175,114) (175,117) (175,121) (172,123) (171,129) (170,131) (167,134) (166,136) (165,137) (165,139) (164,140) (163,140) (-1,-1) 
之 (105,90) (108,90) (111,90) (119,90) (124,90) (131,90) (138,90) (145,91) (149,91) (152,91) (-1,-1) (111,96) (109,100) (109,101) (109,104) (109,109) (109,112) (109,115) (109,120) (109,122) (109,123) (109,124) (109,125) (109,127) (111,129) (113,129) (114,129) (117,129) (122,130) (162,133) (165,133) (168,133) (169,133) (-1,-1) 
予 (80,48) (83,48) (88,48) (94,48) (104,48) (113,48) (139,48) (147,48) (149,48) (153,48) (154,48) (155,49) (156,51) (156,52) (156,54) (156,55) (156,57) (156,60) (156,61) (156,64) (156,65) (156,66) (155,66) (155,67) (155,68) (153,70) (152,71) (-1,-1) (87,71) (92,70) (97,70) (100,70) (104,70) (110,70) (117,70) (124,70) (128,70) (131,70) (-1,-1) (89,70) (89,71) (89,74) (88,76) (88,78) (88,80) (87,87) (86,90) (85,95) (85,96) (85,98) (85,100) (85,101) (85,102) (85,103) (85,104) (86,105) (91,106) (94,106) (99,106) (106,106) (114,106) (122,106) (129,106) (133,106) (134,106) (-1,-1) 
仆 (91,78) (91,82) (91,85) (91,87) (91,90) (91,93) (91,95) (91,97) (91,100) (91,102) (91,104) (92,109) (92,110) (92,112) (93,114) (93,115) (93,116) (94,116) (94,117) (-1,-1) (138,77) (138,79) (138,82) (138,85) (138,88) (138,92) (138,95) (138,99) (138,103) (138,107) (138,111) (138,114) (138,116) (138,120) (138,122) (138,123) (135,123) (-1,-1) (104,107) (112,105) (115,105) (120,105) (123,105) (126,105) (128,105) (129,105) (-1,-1) (90,128) (90,129) (93,129) (97,129) (100,129) (102,129) (106,129) (109,129) (110,129) (113,129) (115,129) (118,129) (121,129) (125,129) (128,129) (129,129) (130,129) (130,130) (-1,-1) 
之 (73,89) (79,89) (88,89) (100,89) (135,87) (147,86) (159,85) (168,85) (174,84) (177,84) (-1,-1) (79,87) (79,88) (79,91) (79,93) (79,97) (79,104) (79,108) (79,112) (79,115) (79,117) (79,118) (79,120) (79,121) (79,123) (79,124) (79,126) (80,129) (81,129) (83,131) (85,132) (88,133) (91,135) (94,136) (96,136) (99,136) (104,136) (113,136) (124,136) (137,136) (150,136) (162,136) (171,136) (178,136) (179,136) (180,136) (-1,-1) 
仄 (76,68) (76,71) (76,74) (74,79) (73,84) (70,89) (69,95) (69,99) (69,103) (69,106) (69,109) (69,111) (69,112) (69,115) (70,121) (76,125) (77,125) (81,126) (86,126) (89,126) (94,126) (99,126) (106,126) (114,126) (119,126) (124,126) (127,126) (128,124) (128,120) (129,116) (129,114) (129,111) (129,107) (129,101) (129,96) (129,92) (129,88) (127,86) (126,84) (123,81) (122,78) (120,76) (118,74) (116,72) (115,71) (113,70) (112,68) (109,67) (105,66) (102,65) (99,65) (95,64) (93,64) (90,64) (89,64) (88,63) (87,63) (86,63) (85,63) (85,64) (84,65) (-1,-1) 
丑 (88,101) (96,100) (105,99) (114,99) (123,99) (131,99) (139,99) (144,99) (148,99) (149,99) (150,99) (151,99) (151,102) (151,106) (151,110) (151,113) (151,117) (151,121) (151,126) (150,133) (149,138) (148,140) (146,143) (146,146) (145,147) (144,150) (142,152) (141,152) (141,154) (139,155) (135,158) (-1,-1) 
中 (101,81) (101,85) (101,91) (101,95) (99,106) (98,111) (98,117) (98,125) (98,131) (98,137) (98,141) (98,145) (98,146) (98,150) (98,152) (99,155) (104,156) (109,157) (112,157) (117,157) (125,157) (148,159) (156,159) (161,159) (165,159) (-1,-1) 
之 (98,78) (98,76) (100,76) (105,74) (107,73) (112,72) (121,72) (131,71) (145,69) (157,68) (169,68) (178,67) (185,67) (186,67) (184,67) (-1,-1) (102,90) (102,92) (102,95) (102,96) (102,99) (102,101) (102,102) (102,105) (102,107) (102,110) (102,113) (103,114) (104,116) (107,118) (110,122) (114,124) (118,125) (121,126) (127,127) (136,128) (148,129) (160,130) (171,131) (182,131) (190,131) (196,131) (200,131) (202,131) (-1,-1) 
丑 (70,66) (71,66) (76,66) (79,65) (83,65) (88,65) (116,65) (125,65) (135,65) (143,65) (148,65) (149,65) (149,66) (151,67) (151,69) (151,71) (151,74) (151,76) (151,80) (151,84) (151,88) (149,94) (149,96) (147,99) (147,100) (147,103) (146,107) (144,108) (144,110) (143,113) (143,114) (141,117) (140,119) (139,121) (138,122) (-1,-1) 
中 (79,83) (80,84) (80,89) (80,95) (80,98) (80,101) (81,106) (82,112) (84,116) (85,120) (87,124) (88,125) (90,129) (94,131) (110,136) (112,136) (117,137) (123,137) (131,137) (140,138) (148,138) (154,138) (155,138) (156,138) (-1,-1) 
之 (68,66) (71,66) (74,66) (79,66) (85,66) (105,67) (115,68) (123,70) (131,71) (138,72) (139,72) (140,72) (-1,-1) (83,72) (82,74) (80,76) (80,78) (79,82) (79,85) (78,90) (77,93) (77,97) (77,101) (76,105) (76,107) (76,109) (76,112) (76,115) (76,116) (76,119) (76,120) (76,123) (81,123) (86,123) (89,123) (94,123) (101,123) (109,123) (120,123) (130,123) (142,123) (153,125) (162,125) (169,125) (170,125) (171,125) (-1,-1) 
予 (90,76) (92,76) (99,76) (107,75) (115,75) (125,74) (136,74) (147,73) (155,72) (163,71) (169,71) (174,71) (175,71) (176,71) (177,72) (178,74) (178,76) (178,78) (178,80) (178,83) (178,86) (178,88) (178,90) (178,92) (178,93) (178,95) (178,97) (178,100) (176,101) (172,104) (-1,-1) (88,107) (93,105) (98,104) (104,104) (106,104) (111,104) (117,104) (122,104) (126,104) (127,104) (128,104) (130,104) (131,104) (133,104) (134,104) (137,104) (139,104) (142,104) (144,105) (145,105) (146,105) (147,106) (-1,-1) (96,108) (96,110) (96,111) (95,113) (95,117) (94,118) (94,120) (94,123) (94,125) (94,126) (94,128) (94,130) (94,133) (95,134) (97,134) (100,135) (102,135) (105,135) (110,136) (115,136) (132,136) (138,136) (144,136) (148,136) (152,136) (-1,-1) 
之 (74,70) (74,69) (78,68) (82,68) (94,68) (101,68) (110,68) (121,68) (129,68) (135,68) (137,68) (-1,-1) (81,72) (81,74) (81,75) (81,78) (81,79) (79,81) (79,82) (79,87) (79,90) (79,95) (79,98) (79,102) (79,107) (79,110) (79,113) (79,114) (79,115) (80,118) (82,120) (84,122) (84,123) (86,123) (91,127) (95,128) (99,128) (105,128) (114,129) (124,129) (133,129) (141,129) (149,129) (153,129) (-1,-1) 
仄 (96,62) (96,63) (95,66) (89,75) (86,80) (84,86) (82,90) (81,95) (81,99) (80,103) (80,107) (80,110) (80,113) (80,115) (80,119) (80,122) (80,124) (80,125) (81,126) (83,126) (88,128) (93,129) (96,129) (100,129) (105,129) (109,129) (113,129) (116,129) (119,128) (119,127) (119,124) (119,121) (119,117) (119,113) (119,111) (119,107) (119,105) (118,102) (117,99) (116,95) (114,92) (113,88) (109,84) (109,82) (108,80) (106,77) (106,74) (105,72) (104,71) (102,70) (101,69) (100,68) (99,68) (98,68) (96,66) (95,66) (95,65) (94,65) (-1,-1) 
丑 (83,71) (85,71) (87,71) (93,71) (102,71) (113,71) (125,71) (136,71) (145,71) (152,71) (157,71) (160,71) (160,72) (160,74) (160,76) (160,79) (160,83) (160,87) (160,93) (158,98) (157,103) (156,106) (155,111) (154,114) (153,117) (152,119) (151,121) (151,122) (150,123) (-1,-1) 
中 (63,83) (63,84) (63,87) (63,92) (63,97) (63,103) (63,105) (63,108) (63,111) (63,116) (63,120) (63,123) (63,126) (63,127) (63,130) (63,132) (63,135) (65,135) (66,136) (67,136) (71,137) (75,137) (78,137) (85,138) (93,139) (103,139) (114,139) (125,139) (131,139) (137,139) (-1,-1) 
之 (79,66) (85,64) (88,64) (94,63) (102,62) (111,60) (122,58) (133,57) (143,56) (152,55) (158,55) (-1,-1) (57,64) (57,66) (57,67) (57,69) (57,72) (57,74) (57,76) (57,80) (57,81) (60,84) (63,85) (64,85) (65,86) (65,87) (66,88) (66,89) (66,91) (66,92) (67,94) (67,95) (67,96) (68,98) (68,100) (69,104) (69,107) (69,109) (69,110) (70,112) (70,114) (70,116) (70,117) (70,119) (70,120) (70,122) (70,123) (71,124) (72,126) (72,127) (72,128) (73,130) (74,131) (75,133) (75,134) (76,134) (76,135) (77,137) (78,137) (80,138) (81,139) (84,139) (86,139) (90,140) (96,140) (104,140) (113,140) (123,140) (147,140) (156,140) (164,140) (170,140) (174,138) (175,138) (-1,-1) 
予 (79,45) (80,45) (84,45) (87,44) (97,44) (104,44) (112,44) (120,44) (129,44) (136,44) (137,44) (139,44) (140,44) (141,44) (141,45) (141,47) (141,49) (141,51) (141,52) (141,54) (141,55) (141,59) (141,61) (141,63) (140,64) (138,68) (-1,-1) (86,73) (87,73) (89,73) (96,73) (126,73) (134,73) (140,73) (145,73) (149,73) (150,73) (151,73) (-1,-1) (108,73) (106,73) (106,74) (104,77) (103,79) (101,84) (100,86) (99,89) (99,91) (99,92) (99,95) (99,97) (99,99) (99,100) (99,101) (99,103) (99,104) (99,105) (99,106) (99,107) (99,109) (99,110) (100,111) (103,112) (104,113) (109,114) (111,114) (116,114) (126,115) (135,116) (146,116) (155,116) (163,116) (167,116) (-1,-1) 
之 (100,84) (103,83) (105,83) (108,82) (114,81) (120,80) (123,80) (127,80) (133,80) (140,80) (147,80) (151,80) (154,80) (-1,-1) (107,81) (104,85) (103,88) (103,89) (102,94) (102,95) (101,98) (101,101) (101,105) (101,107) (101,108) (101,110) (101,111) (101,112) (101,113) (101,115) (101,116) (101,117) (101,118) (102,119) (104,120) (106,121) (108,121) (111,121) (116,122) (123,122) (131,122) (138,122) (144,122) (150,122) (155,122) (156,122) (157,122) (-1,-1) 
中 (84,40) (83,43) (83,45) (83,50) (83,53) (81,56) (80,62) (80,69) (80,73) (80,77) (80,81) (80,84) (80,85) (80,86) (80,88) (81,88) (83,90) (86,90) (90,92) (96,94) (101,94) (103,94) (107,94) (113,94) (117,94) (121,94) (124,94) (125,94) (123,94) (-1,-1) 
丑 (98,61) (100,60) (102,60) (104,60) (106,60) (114,60) (117,60) (121,60) (125,60) (126,60) (127,60) (128,60) (128,61) (129,62) (129,64) (131,68) (133,70) (134,72) (136,76) (138,77) (138,80) (138,81) (138,83) (138,89) (138,95) (137,99) (137,102) (135,106) (133,110) (131,114) (130,118) (128,121) (128,122) (125,124) (125,125) (125,126) (124,127) (-1,-1) 
中 (104,56) (104,61) (104,67) (104,72) (104,75) (104,79) (104,86) (104,91) (104,97) (104,102) (104,106) (104,110) (104,112) (104,114) (104,118) (105,119) (108,120) (112,123) (115,123) (118,123) (122,123) (127,123) (133,123) (139,123) (143,123) (145,123) (149,123) (150,123) (-1,-1) 
丑 (115,61) (118,61) (120,61) (124,61) (127,61) (131,61) (136,61) (141,61) (154,61) (160,61) (163,61) (166,61) (168,61) (169,62) (171,62) (173,62) (174,62) (174,63) (175,63) (176,64) (177,64) (179,65) (179,67) (179,68) (179,71) (179,73) (179,75) (179,77) (179,81) (178,85) (176,92) (174,98) (172,102) (170,108) (168,113) (166,118) (165,123) (164,127) (162,132) (162,133) (160,138) (160,140) (160,141) (160,143) (160,144) (159,145) (-1,-1) 
之 (83,85) (84,84) (87,84) (89,84) (98,84) (106,84) (115,84) (126,84) (134,84) (141,84) (146,84) (150,84) (151,84) (-1,-1) (88,88) (86,92) (86,95) (82,100) (82,101) (82,105) (81,109) (81,113) (80,118) (79,123) (79,128) (78,131) (78,132) (78,137) (78,138) (78,139) (78,140) (78,141) (78,142) (78,143) (80,143) (85,144) (88,144) (93,144) (99,144) (107,144) (114,144) (122,144) (129,144) (133,144) (134,144) (136,144) (137,144) (139,144) (140,144) (141,144) (142,144) (143,144) (-1,-1) 
丑 (88,90) (88,88) (93,86) (94,85) (96,83) (102,82) (105,82) (110,80) (116,79) (122,78) (129,78) (145,78) (150,78) (158,78) (160,78) (161,79) (163,83) (164,83) (165,84) (166,85) (166,86) (166,88) (166,89) (166,92) (166,95) (166,97) (166,100) (166,103) (166,107) (166,110) (166,114) (166,117) (163,121) (162,127) (160,130) (160,131) (159,133) (159,135) (159,137) (158,138) (157,139) (156,139) (155,141) (155,143) (153,143) (-1,-1) 
中 (96,91) (96,93) (96,97) (96,102) (96,107) (95,111) (94,115) (94,121) (92,126) (90,132) (89,144) (89,147) (89,150) (89,152) (89,153) (89,155) (91,156) (96,156) (98,156) (102,156) (108,156) (115,156) (121,156) (127,156) (128,156) (131,157) (135,157) (136,157) (138,157) (-1,-1) 
丑 (56,111) (61,108) (64,108) (74,104) (78,104) (82,104) (86,104) (88,104) (92,104) (95,104) (99,104) (110,104) (111,104) (115,104) (116,104) (119,104) (120,104) (122,104) (123,104) (124,105) (124,107) (124,109) (124,112) (124,115) (124,120) (124,125) (124,130) (124,132) (124,135) (124,138) (124,142) (124,143) (124,146) (123,147) (123,150) (121,152) (119,155) (118,155) (116,156) (115,157) (112,158) (111,159) (-1,-1) 
予 (79,57) (80,57) (80,56) (83,55) (85,53) (87,52) (90,52) (96,52) (102,51) (109,51) (110,51) (113,51) (116,51) (122,51) (124,51) (125,51) (127,51) (127,53) (130,55) (130,56) (130,59) (130,60) (131,66) (131,68) (131,71) (131,74) (131,79) (131,80) (131,81) (131,84) (129,87) (128,87) (127,89) (123,93) (-1,-1) (74,86) (75,86) (79,86) (81,86) (87,86) (95,86) (100,87) (106,87) (110,88) (113,88) (-1,-1) (77,93) (76,94) (74,95) (73,97) (69,100) (69,103) (67,111) (66,116) (66,121) (66,128) (66,133) (66,137) (66,140) (66,143) (66,145) (66,148) (70,150) (74,152) (81,153) (87,154) (93,154) (100,154) (107,154) (111,154) (115,154) (116,153) (117,151) (119,151) (119,149) (119,147) (119,146) (-1,-1) 
丑 (65,9) (65,7) (67,5) (73,4) (76,4) (84,4) (95,4) (109,4) (124,4) (138,4) (148,4) (154,4) (155,4) (156,4) (156,5) (156,8) (156,12) (156,14) (155,19) (153,24) (150,31) (136,64) (133,72) (131,79) (129,85) (128,90) (127,95) (126,99) (126,100) (126,101) (126,104) (126,105) (125,106) (-1,-1) 
中 (64,69) (64,71) (63,75) (63,77) (62,82) (61,88) (61,96) (61,104) (61,111) (61,118) (61,125) (61,126) (61,130) (61,131) (61,134) (62,138) (65,139) (67,140) (69,141) (74,141) (78,141) (80,141) (87,141) (93,141) (101,141) (110,139) (115,139) (121,137) (125,135) (126,134) (127,134) (128,133) (129,133) (130,132) (133,132) (134,132) (135,132) (-1,-1) 
之 (77,97) (77,96) (84,96) (87,96) (91,96) (99,96) (109,96) (121,96) (133,96) (143,96) (150,96) (155,96) (157,96) (157,95) (-1,-1) (83,98) (79,102) (79,103) (79,104) (79,106) (78,108) (78,110) (78,113) (78,117) (78,119) (78,123) (78,127) (78,129) (78,132) (79,135) (80,139) (81,143) (82,144) (84,146) (88,147) (90,149) (94,150) (108,151) (115,151) (120,151) (126,151) (134,151) (141,151) (142,151) (144,150) (146,148) (149,147) (150,147) (151,147) (151,146) (152,146) (153,146) (153,145) (154,144) (-1,-1) 
丑 (74,92) (76,92) (80,92) (86,92) (93,92) (101,90) (120,87) (127,86) (133,85) (137,85) (139,85) (140,85) (140,86) (140,89) (140,93) (140,100) (140,107) (140,116) (140,126) (140,134) (140,141) (140,148) (140,152) (140,156) (140,159) (-1,-1) 
中 (111,199) (111,198) (-1,-1) (70,62) (70,64) (70,67) (70,70) (70,73) (70,78) (70,82) (70,86) (70,92) (70,96) (70,100) (70,104) (70,108) (70,109) (70,112) (70,114) (70,115) (71,117) (72,119) (73,120) (78,121) (80,121) (83,121) (87,121) (92,121) (98,121) (105,121) (112,121) (117,121) (121,121) (124,121) (125,121) (127,121) (128,121) (128,120) (-1,-1) 
丑 (62,65) (64,65) (67,65) (71,65) (77,65) (83,65) (89,65) (96,65) (104,65) (111,65) (115,65) (120,65) (123,65) (125,65) (127,65) (128,65) (129,65) (129,67) (129,69) (129,73) (129,77) (129,82) (129,87) (129,91) (129,93) (129,96) (129,99) (129,102) (129,103) (129,104) (129,105) (129,107) (129,108) (129,109) (126,112) (125,113) (-1,-1) 
中 (78,77) (78,76) (78,79) (77,83) (75,89) (74,91) (73,96) (73,102) (73,107) (71,112) (70,116) (70,119) (70,122) (70,123) (70,125) (70,127) (70,128) (70,129) (72,130) (77,131) (82,131) (85,132) (92,132) (100,133) (108,133) (118,134) (138,134) (142,135) (-1,-1) 
今 (117,47) (117,51) (115,54) (113,59) (111,65) (105,71) (99,75) (95,80) (93,86) (90,89) (87,93) (85,97) (85,98) (83,100) (82,105) (80,108) (78,112) (78,114) (77,116) (77,117) (75,119) (-1,-1) (96,83) (98,83) (100,86) (103,90) (104,92) (107,95) (111,100) (115,105) (118,109) (121,112) (123,116) (126,118) (127,120) (128,121) (-1,-1) 
今 (112,41) (112,44) (109,46) (108,49) (100,59) (96,65) (91,72) (86,79) (80,87) (75,94) (70,101) (66,109) (63,114) (60,120) (57,126) (55,130) (55,131) (55,133) (-1,-1) (78,83) (79,83) (80,83) (84,85) (87,90) (89,95) (93,101) (95,107) (98,112) (98,114) (101,118) (105,123) (109,129) (112,134) (115,139) (116,139) (117,140) (118,143) (119,143) (-1,-1) 
中 (50,30) (49,32) (49,35) (48,37) (48,41) (47,46) (45,52) (45,58) (45,63) (43,68) (43,70) (42,73) (41,77) (41,81) (40,86) (39,90) (39,94) (39,95) (39,98) (39,99) (42,99) (48,99) (52,99) (54,99) (59,99) (63,99) (69,99) (75,99) (80,99) (84,99) (87,99) (90,99) (91,99) (92,99) (-1,-1) 
之 (65,97) (69,95) (72,94) (77,93) (84,93) (93,92) (104,90) (115,89) (123,88) (132,86) (137,85) (141,84) (142,84) (-1,-1) (72,100) (71,102) (70,103) (70,105) (69,109) (69,112) (69,115) (68,119) (68,122) (68,124) (68,127) (68,128) (68,130) (68,132) (68,133) (68,134) (68,135) (68,136) (68,137) (69,137) (70,138) (74,138) (77,138) (82,138) (89,138) (97,138) (106,138) (117,138) (128,138) (137,138) (144,137) (151,135) (155,134) (158,133) (161,132) (163,132) (163,130) (-1,-1) 
予 (68,80) (68,77) (70,77) (74,77) (76,77) (79,77) (84,77) (89,77) (93,77) (98,77) (102,77) (103,77) (105,77) (106,77) (107,77) (108,77) (109,77) (111,77) (111,80) (111,83) (111,84) (111,86) (111,88) (111,92) (111,95) (111,98) (111,101) (111,104) (110,105) (110,107) (109,110) (109,111) (107,113) (-1,-1) (39,113) (40,113) (44,112) (50,112) (55,112) (58,112) (71,112) (78,112) (84,112) (90,112) (95,112) (96,112) (98,112) (100,112) (-1,-1) (64,118) (63,120) (62,122) (62,123) (61,126) (59,130) (58,137) (56,138) (56,141) (56,145) (56,149) (56,152) (56,157) (55,159) (55,162) (55,164) (55,165) (55,166) (57,166) (60,166) (66,167) (68,167) (71,167) (76,167) (81,167) (85,167) (89,167) (94,167) (98,167) (101,167) (105,167) (108,167) (111,167) (113,167) (114,167) (116,167) (117,167) (-1,-1) 
仄 (142,91) (140,91) (136,91) (126,91) (123,91) (121,91) (117,91) (114,92) (110,94) (105,98) (100,102) (95,105) (91,111) (88,115) (85,120) (83,126) (80,130) (78,136) (77,142) (76,146) (76,149) (76,151) (76,152) (76,154) (76,155) (77,157) (79,157) (83,157) (87,159) (93,159) (95,159) (100,159) (106,159) (112,159) (119,159) (123,159) (126,158) (131,157) (134,155) (137,152) (139,151) (140,149) (142,146) (146,140) (147,137) (147,134) (147,131) (148,126) (148,122) (148,119) (150,117) (150,113) (150,110) (150,109) (150,107) (150,105) (150,102) (149,102) (148,100) (146,98) (145,98) (144,96) (143,95) (142,95) (139,93) (137,93) (136,93) (132,93) (-1,-1) 
丑 (67,119) (67,119) (-1,-1) (67,62) (70,61) (72,61) (77,61) (83,61) (86,61) (92,61) (100,61) (110,59) (121,58) (131,57) (139,56) (144,56) (146,56) (148,57) (148,59) (148,64) (148,69) (148,75) (148,78) (148,83) (146,91) (145,98) (144,106) (141,113) (141,118) (140,119) (139,121) (-1,-1) 
中 (119,65) (119,67) (119,72) (119,74) (119,79) (119,88) (119,99) (119,111) (119,123) (119,132) (119,139) (119,145) (119,147) (119,148) (119,149) (119,150) (122,150) (124,150) (128,150) (137,150) (146,150) (154,150) (162,150) (168,150) (169,150) (-1,-1) 
之 (96,72) (99,70) (101,70) (104,70) (108,70) (112,69) (120,69) (130,68) (140,68) (152,68) (163,68) (171,68) (179,66) (-1,-1) (83,72) (83,73) (83,80) (83,82) (83,86) (83,90) (83,92) (83,95) (83,98) (83,102) (83,106) (83,117) (83,119) (84,120) (85,121) (87,122) (91,122) (94,122) (99,124) (104,124) (117,124) (119,124) (123,124) (128,124) (134,124) (141,124) (148,124) (153,124) (157,124) (159,124) (162,124) (163,124) (164,124) (-1,-1) 
仄 (159,77) (155,77) (149,82) (142,88) (140,89) (136,94) (133,98) (129,103) (126,106) (124,111) (121,116) (119,120) (118,123) (117,128) (117,131) (117,134) (117,136) (117,138) (119,139) (120,140) (123,140) (125,140) (129,140) (135,140) (141,140) (148,140) (154,139) (160,137) (164,134) (168,129) (172,123) (172,121) (173,119) (174,116) (174,113) (174,109) (174,106) (174,104) (174,102) (174,101) (174,98) (174,97) (174,94) (174,89) (174,86) (174,82) (173,80) (169,75) (168,73) (166,70) (165,69) (163,68) (161,67) (159,67) (156,67) (152,67) (-1,-1) 
之 (113,79) (115,78) (115,77) (120,77) (124,75) (126,75) (132,75) (138,74) (149,74) (160,74) (169,74) (177,74) (184,74) (-1,-1) (113,74) (113,77) (113,85) (113,91) (113,96) (113,102) (113,104) (113,108) (113,112) (113,116) (113,120) (113,121) (113,124) (113,127) (113,129) (113,131) (114,134) (115,135) (117,136) (120,136) (124,136) (131,137) (140,137) (150,137) (162,137) (172,137) (180,137) (185,137) (186,137) (-1,-1) 
予 (104,24) (107,24) (109,24) (114,24) (122,25) (132,26) (143,27) (153,28) (162,30) (169,31) (170,31) (171,32) (173,32) (173,35) (173,36) (173,40) (173,44) (171,49) (170,50) (169,51) (166,55) (164,56) (162,58) (160,61) (-1,-1) (102,65) (103,64) (104,63) (107,63) (112,62) (114,62) (119,62) (125,62) (131,62) (138,62) (142,62) (146,62) (147,62) (148,62) (149,62) (150,62) (-1,-1) (116,63) (116,64) (113,70) (113,73) (111,78) (111,80) (111,82) (110,87) (110,90) (110,93) (110,96) (110,100) (110,102) (110,106) (110,108) (110,109) (110,110) (110,111) (110,113) (114,113) (117,114) (122,115) (128,115) (138,115) (147,115) (165,115) (169,115) (171,115) (-1,-1) 
