°¡ (52,62) (53,62) (54,62) (56,62) (59,62) (63,62) (68,62) (75,62) (80,62) (88,62) (95,62) (100,62) (104,64) (108,65) (111,66) (113,68) (114,70) (114,72) (114,76) (114,80) (114,84) (114,89) (114,94) (114,98) (113,102) (111,108) (110,110) (109,114) (109,115) (-1,-1) (151,49) (151,51) (151,55) (151,62) (151,67) (151,74) (151,82) (151,89) (151,94) (151,100) (151,105) (151,109) (151,113) (151,115) (151,117) (-1,-1) (151,93) (151,92) (151,91) (152,91) (154,91) (155,91) (157,91) (160,91) (162,91) (164,91) (167,91) (169,91) (171,91) (172,91) (173,91) (175,91) (-1,-1) 
°³ (72,49) (73,48) (75,47) (79,47) (86,48) (96,49) (109,53) (119,56) (129,58) (137,61) (143,63) (147,64) (151,65) (153,66) (154,67) (154,69) (154,70) (154,72) (154,76) (154,78) (154,82) (153,86) (151,90) (150,92) (149,96) (146,100) (145,102) (145,105) (144,109) (144,111) (-1,-1) (166,45) (166,49) (166,54) (166,61) (166,68) (166,76) (166,83) (166,89) (166,92) (166,98) (166,102) (166,105) (166,109) (166,112) (-1,-1) (171,94) (171,93) (171,92) (172,91) (173,91) (175,91) (177,91) (178,90) (180,90) (181,90) (-1,-1) (189,57) (189,60) (189,66) (189,73) (189,78) (189,85) (189,91) (189,96) (189,101) (189,105) (189,107) (189,110) (189,111) (189,112) (-1,-1) 
°¼ (79,46) (78,46) (78,47) (80,48) (82,50) (85,51) (86,52) (88,54) (89,55) (90,56) (91,57) (93,59) (94,60) (95,62) (95,64) (95,67) (95,69) (95,71) (95,75) (95,81) (95,86) (95,91) (95,97) (95,102) (94,108) (92,113) (91,119) (91,123) (91,125) (-1,-1) (118,47) (119,47) (120,47) (120,51) (120,56) (120,63) (120,71) (120,78) (120,85) (120,93) (120,98) (120,102) (120,107) (120,113) (120,117) (120,120) (120,123) (120,125) (-1,-1) (128,85) (129,83) (130,82) (131,81) (132,80) (134,79) (135,78) (137,78) (140,78) (141,78) (142,78) (143,78) (145,78) (147,77) (-1,-1) (136,95) (136,97) (137,98) (143,101) (147,103) (152,105) (160,107) (166,108) (170,110) (172,110) (-1,-1) 
°Å (59,65) (62,65) (66,65) (70,65) (74,65) (77,65) (81,65) (87,65) (89,65) (91,66) (92,67) (92,69) (92,73) (92,77) (92,80) (91,84) (89,90) (88,94) (87,98) (85,100) (85,103) (85,105) (84,107) (84,110) (84,112) (84,114) (-1,-1) (91,89) (92,88) (94,87) (98,87) (104,87) (107,87) (111,87) (114,87) (116,87) (118,87) (119,87) (121,87) (123,87) (124,88) (-1,-1) (135,58) (135,59) (135,65) (135,70) (135,77) (135,85) (135,92) (135,97) (135,103) (135,108) (135,113) (135,119) (135,123) (135,125) (-1,-1) 
°í (69,61) (70,60) (72,60) (74,60) (77,60) (80,60) (84,60) (90,60) (95,62) (101,63) (109,64) (114,66) (118,67) (122,67) (124,68) (128,68) (130,68) (131,68) (132,69) (134,72) (134,74) (134,78) (134,82) (134,87) (134,91) (134,95) (134,98) (134,101) (134,103) (134,104) (134,105) (-1,-1) (106,98) (106,101) (106,105) (106,109) (106,113) (106,118) (106,120) (106,124) (106,126) (106,129) (106,131) (106,132) (-1,-1) (77,138) (80,138) (89,138) (99,138) (113,138) (130,138) (146,138) (158,138) (164,138) (168,138) (-1,-1) 
±¸ (92,72) (92,71) (92,70) (93,70) (97,70) (102,70) (107,70) (113,70) (120,70) (130,70) (139,70) (149,70) (157,70) (164,70) (169,70) (172,70) (174,70) (175,70) (175,72) (174,74) (172,78) (171,82) (168,86) (167,88) (166,89) (-1,-1) (83,97) (83,98) (91,99) (105,101) (127,105) (149,109) (170,111) (190,113) (202,115) (210,116) (-1,-1) (143,115) (144,115) (144,117) (144,119) (144,123) (144,125) (144,129) (144,131) (144,134) (144,136) (144,140) (144,142) (144,143) (144,144) (144,146) (-1,-1) 
±Ô (84,55) (85,54) (86,53) (87,52) (88,52) (89,52) (92,51) (93,51) (95,51) (97,49) (98,48) (101,47) (103,47) (104,47) (105,46) (107,46) (109,46) (112,46) (113,46) (114,46) (115,46) (116,46) (118,46) (119,46) (120,49) (120,52) (120,56) (120,62) (120,67) (120,72) (120,76) (120,78) (120,81) (120,82) (-1,-1) (73,84) (75,84) (81,84) (86,84) (93,84) (101,84) (108,84) (113,84) (119,84) (122,84) (125,84) (127,84) (-1,-1) (109,94) (108,98) (107,100) (107,104) (107,109) (107,115) (107,119) (107,121) (106,122) (-1,-1) (112,86) (113,86) (114,86) (114,89) (114,93) (114,98) (114,102) (114,106) (114,110) (114,112) (114,113) (114,114) (114,115) (-1,-1) 
±Ô (83,21) (84,21) (85,21) (89,21) (93,21) (97,23) (99,23) (101,23) (102,23) (103,23) (104,24) (105,24) (106,24) (107,25) (108,26) (108,28) (108,32) (108,36) (108,41) (108,46) (108,52) (108,57) (108,62) (108,66) (108,70) (108,75) (108,78) (108,80) (108,82) (-1,-1) (37,85) (40,85) (45,85) (55,87) (67,87) (82,88) (94,90) (109,92) (121,94) (131,95) (139,97) (145,97) (148,97) (151,97) (-1,-1) (98,99) (94,98) (92,98) (90,101) (90,106) (90,111) (90,118) (90,124) (90,131) (90,135) (90,139) (90,141) (90,142) (-1,-1) (126,103) (127,103) (127,106) (127,111) (127,117) (127,122) (127,128) (127,133) (127,138) (127,144) (127,146) (127,148) (127,150) (127,152) (-1,-1) 
¼­ (120,66) (120,69) (118,71) (115,75) (112,79) (108,83) (104,89) (99,94) (95,100) (90,106) (87,110) (85,114) (82,117) (81,119) (80,120) (79,121) (78,122) (-1,-1) (83,92) (85,91) (91,91) (96,93) (103,98) (111,105) (120,113) (131,122) (140,131) (146,138) (153,144) (155,147) (158,149) (161,152) (-1,-1) (148,120) (150,120) (153,120) (157,120) (163,120) (166,120) (169,120) (171,120) (-1,-1) (179,62) (179,61) (179,65) (179,70) (179,79) (179,86) (179,96) (179,103) (179,111) (179,118) (179,126) (179,131) (179,135) (179,140) (179,144) (179,146) (179,149) (179,150) (179,152) (-1,-1) 
±¸ (118,62) (119,62) (121,62) (123,63) (126,63) (128,66) (130,70) (130,74) (130,77) (130,81) (130,87) (130,92) (130,97) (130,101) (130,105) (130,109) (130,111) (-1,-1) (100,113) (100,115) (103,118) (108,119) (119,123) (129,124) (139,126) (148,126) (154,126) (159,126) (165,126) (168,126) (171,126) (173,126) (-1,-1) (149,124) (148,124) (148,129) (148,136) (148,145) (148,155) (148,163) (148,168) (148,172) (148,174) (148,176) (-1,-1) 
±¸ (73,50) (74,50) (76,50) (79,50) (80,50) (81,50) (83,50) (85,50) (86,50) (88,50) (89,50) (92,50) (94,50) (96,50) (97,50) (99,50) (102,51) (106,51) (108,51) (110,51) (113,52) (115,54) (118,54) (121,55) (125,55) (131,56) (136,56) (142,58) (145,58) (148,58) (150,58) (152,58) (153,59) (154,60) (154,62) (154,66) (154,70) (153,74) (151,78) (151,83) (150,87) (149,89) (148,92) (-1,-1) (57,94) (59,94) (64,94) (75,94) (89,94) (104,94) (121,94) (138,96) (154,98) (169,100) (179,102) (185,102) (188,102) (191,102) (192,102) (194,102) (196,102) (197,102) (-1,-1) (140,99) (140,102) (137,110) (135,120) (134,127) (134,135) (132,140) (132,146) (132,149) (131,152) (131,154) (-1,-1) 
°¡ (104,88) (106,88) (112,89) (117,89) (121,90) (123,91) (126,97) (128,101) (129,105) (129,110) (129,116) (129,121) (129,125) (129,129) (129,131) (129,133) (129,135) (129,136) (129,137) (-1,-1) (163,66) (163,68) (163,73) (163,82) (163,92) (163,102) (163,112) (163,121) (163,129) (163,134) (163,139) (163,143) (163,146) (-1,-1) (163,117) (163,115) (164,114) (167,113) (173,113) (182,113) (189,113) (197,113) (204,113) (208,113) (210,113) (-1,-1) 
°³ (103,58) (103,57) (103,56) (105,56) (106,56) (109,56) (112,56) (114,58) (115,58) (116,59) (117,61) (119,63) (119,67) (119,72) (119,80) (119,87) (119,92) (119,100) (119,107) (119,112) (119,116) (119,120) (119,122) (119,125) (119,127) (-1,-1) (155,45) (156,45) (156,46) (156,52) (156,59) (156,69) (156,81) (156,93) (156,105) (156,117) (156,124) (156,130) (156,133) (156,136) (157,137) (-1,-1) (162,100) (164,97) (165,96) (169,95) (174,94) (177,92) (180,92) (183,92) (185,91) (187,91) (188,91) (189,91) (192,91) (-1,-1) (199,48) (199,49) (199,52) (199,58) (199,65) (199,72) (199,80) (199,87) (199,95) (199,102) (199,109) (199,115) (199,119) (199,122) (199,125) (199,126) (-1,-1) 
³ª (102,75) (102,78) (102,83) (102,91) (101,98) (100,104) (98,108) (98,112) (98,114) (98,116) (98,116) (98,116) (98,116) (98,116) (98,116) (98,116) (98,118) (98,118) (98,120) (98,120) (98,121) (98,121) (98,122) (98,122) (98,124) (98,124) (98,124) (98,124) (98,124) (98,124) (98,125) (98,125) (99,126) (105,126) (105,126) (112,126) (119,126) (127,126) (132,126) (134,126) (-1,-1) (147,71) (147,72) (147,78) (147,85) (147,97) (147,107) (147,114) (147,124) (147,131) (147,138) (147,146) (147,153) (147,159) (147,161) (147,163) (147,166) (-1,-1) (151,123) (152,122) (153,121) (154,121) (158,121) (162,121) (167,121) (171,121) (175,121) (179,121) (181,121) (183,121) (184,121) (185,121) (-1,-1) 
³Ä (101,57) (100,55) (99,56) (98,58) (97,60) (95,64) (94,68) (93,72) (92,78) (92,80) (92,84) (90,86) (90,88) (90,91) (90,93) (90,95) (90,98) (90,99) (90,101) (90,103) (90,104) (90,106) (90,108) (90,110) (92,111) (95,112) (103,112) (110,112) (120,112) (125,112) (129,112) (131,112) (-1,-1) (154,55) (154,58) (153,65) (153,73) (152,83) (152,92) (150,107) (150,121) (150,133) (148,144) (146,151) (145,155) (145,159) (145,161) (145,164) (145,166) (-1,-1) (148,96) (148,95) (149,95) (153,95) (157,95) (161,95) (164,95) (168,95) (171,95) (172,95) (173,95) (-1,-1) (152,136) (152,137) (155,139) (159,141) (163,142) (166,142) (169,142) (171,143) (172,143) (-1,-1) 
³Ê (108,79) (108,83) (108,86) (108,92) (108,97) (108,103) (108,108) (108,113) (108,119) (108,122) (108,126) (108,129) (108,131) (108,132) (110,133) (114,136) (118,137) (122,138) (126,138) (130,138) (134,138) (137,138) (140,138) (142,138) (143,138) (-1,-1) (128,128) (129,127) (133,127) (137,126) (142,126) (148,126) (153,124) (159,123) (161,122) (164,122) (166,122) (167,122) (-1,-1) (171,93) (171,94) (171,98) (171,103) (171,110) (171,118) (171,125) (171,132) (171,138) (171,142) (171,144) (171,146) (-1,-1) 
³Ê (90,75) (90,77) (90,81) (90,86) (90,92) (90,99) (90,104) (90,108) (90,112) (90,116) (90,118) (90,120) (90,123) (90,124) (90,126) (90,128) (90,129) (90,131) (90,132) (90,133) (90,134) (90,135) (90,136) (91,137) (93,139) (96,139) (98,139) (102,139) (104,139) (106,139) (110,139) (113,139) (115,138) (117,138) (121,138) (123,138) (124,138) (125,138) (126,138) (127,138) (128,138) (129,138) (-1,-1) (121,110) (121,108) (125,108) (130,108) (135,108) (139,108) (143,108) (145,108) (147,108) (150,108) (-1,-1) (158,77) (158,79) (158,84) (158,90) (158,95) (158,102) (158,108) (158,113) (158,118) (158,126) (158,131) (158,136) (158,142) (158,145) (158,149) (158,153) (158,155) (158,158) (158,159) (158,160) (158,161) (-1,-1) 
³ë (79,62) (79,64) (79,68) (79,72) (79,77) (79,83) (79,90) (79,95) (79,101) (79,105) (79,108) (79,111) (79,112) (84,113) (91,113) (99,113) (111,113) (120,113) (128,113) (132,113) (137,113) (139,113) (-1,-1) (108,111) (108,113) (108,117) (108,121) (108,125) (108,128) (108,132) (108,134) (108,137) (108,138) (108,139) (108,140) (-1,-1) (60,160) (57,161) (56,164) (56,166) (56,167) (60,168) (65,171) (73,173) (83,174) (90,174) (100,174) (108,174) (113,174) (118,174) (122,174) (124,174) (127,174) (128,174) (129,174) (130,174) (131,174) (132,174) (133,174) (-1,-1) 
³ë (87,62) (87,63) (87,66) (88,68) (88,73) (88,77) (90,83) (91,87) (91,90) (91,93) (91,95) (91,97) (91,100) (91,101) (92,102) (93,103) (95,103) (97,103) (101,103) (105,103) (110,103) (114,103) (118,103) (123,103) (129,103) (134,103) (139,103) (145,103) (147,103) (149,103) (152,103) (153,103) (-1,-1) (124,104) (123,103) (122,104) (121,107) (120,112) (120,118) (118,123) (118,128) (118,132) (118,134) (118,137) (117,139) (116,140) (-1,-1) (80,146) (82,146) (85,146) (93,146) (100,146) (107,146) (113,146) (116,146) (122,146) (126,146) (128,146) (129,146) (-1,-1) 
´º (88,59) (88,63) (88,66) (88,72) (88,76) (88,79) (88,82) (88,83) (88,85) (88,86) (88,87) (89,88) (90,89) (95,89) (100,89) (102,89) (106,89) (110,89) (112,89) (115,89) (118,89) (121,89) (124,89) (127,89) (131,89) (133,89) (134,89) (136,89) (138,89) (139,89) (142,89) (143,89) (-1,-1) (57,118) (58,118) (60,118) (63,118) (68,118) (73,118) (80,118) (90,120) (100,120) (110,120) (120,120) (129,120) (137,120) (142,121) (148,123) (152,123) (154,123) (156,123) (158,123) (159,123) (162,123) (164,123) (165,123) (167,123) (-1,-1) (113,118) (112,118) (111,118) (110,120) (109,123) (109,128) (109,134) (109,139) (109,144) (109,148) (109,152) (109,154) (109,156) (109,159) (109,160) (-1,-1) (137,122) (137,123) (137,127) (137,132) (137,136) (137,140) (137,145) (137,149) (137,151) (135,154) (135,155) (135,157) (-1,-1) 
¿ö (99,56) (98,57) (98,58) (98,60) (98,62) (98,65) (98,67) (98,71) (98,73) (98,77) (98,79) (98,82) (98,84) (98,85) (98,86) (98,87) (98,88) (98,89) (99,90) (100,91) (103,91) (105,91) (109,91) (112,91) (116,91) (122,88) (126,86) (129,85) (130,84) (132,83) (133,82) (134,81) (135,80) (136,79) (136,78) (136,76) (136,74) (136,73) (136,71) (136,69) (136,68) (135,67) (134,66) (133,65) (130,63) (129,63) (127,62) (125,61) (121,59) (117,58) (116,58) (115,58) (113,58) (110,58) (108,58) (106,58) (102,58) (100,58) (97,58) (95,58) (-1,-1) (87,141) (92,141) (99,141) (109,141) (119,141) (129,139) (139,137) (147,136) (152,136) (154,136) (157,134) (159,133) (-1,-1) (148,133) (147,134) (147,135) (147,136) (147,137) (147,140) (147,142) (147,144) (147,146) (147,150) (147,154) (147,158) (147,162) (147,164) (147,165) (147,166) (-1,-1) (156,155) (157,154) (158,153) (160,152) (163,152) (167,152) (170,152) (174,152) (178,152) (180,152) (183,152) (184,151) (185,150) (187,150) (188,149) (189,148) (-1,-1) (195,90) (195,91) (195,95) (194,102) (193,110) (191,118) (191,127) (189,137) (189,145) (188,150) (188,156) (188,161) (188,163) (188,167) (188,169) (188,170) (-1,-1) 
¼­ (105,63) (106,63) (107,63) (107,65) (106,69) (105,73) (102,78) (99,84) (96,92) (93,98) (90,104) (85,111) (83,116) (80,120) (77,124) (74,128) (72,133) (-1,-1) (91,101) (93,100) (97,101) (101,102) (105,106) (109,110) (113,113) (118,119) (122,123) (124,127) (127,131) (128,133) (131,136) (-1,-1) (136,95) (138,95) (141,95) (142,95) (143,95) (145,95) (147,95) (148,95) (150,95) (152,95) (153,95) (154,95) (-1,-1) (159,59) (159,61) (159,65) (159,70) (159,75) (159,81) (159,88) (159,95) (159,101) (159,108) (159,113) (159,120) (159,126) (159,133) (159,138) (159,140) (159,143) (-1,-1) 
·Ê (72,53) (73,53) (75,53) (79,53) (84,53) (90,53) (97,53) (102,53) (108,53) (113,53) (115,53) (117,53) (118,54) (120,54) (122,55) (123,57) (126,60) (127,64) (128,68) (129,70) (129,74) (129,78) (129,82) (129,84) (129,88) (129,90) (129,91) (129,92) (128,93) (127,94) (125,95) (123,97) (120,97) (115,97) (110,97) (104,97) (102,97) (100,97) (96,96) (95,96) (94,96) (93,96) (92,96) (91,97) (91,98) (90,101) (90,103) (90,105) (90,109) (90,111) (90,115) (90,119) (90,121) (90,124) (90,126) (91,128) (93,130) (97,131) (103,134) (109,137) (115,138) (120,140) (126,141) (131,141) (138,142) (142,144) (146,144) (150,144) (154,144) (156,144) (160,144) (162,144) (163,144) (-1,-1) (181,92) (180,93) (180,95) (181,96) (185,97) (189,97) (194,97) (199,97) (203,97) (207,97) (211,97) (213,97) (214,97) (215,97) (217,97) (-1,-1) (195,113) (194,114) (195,116) (201,116) (210,116) (219,116) (229,116) (236,116) (242,116) (244,116) (246,116) (-1,-1) (244,65) (244,67) (244,72) (244,77) (244,83) (244,90) (244,97) (244,103) (244,108) (242,113) (241,117) (241,121) (240,124) (240,126) (-1,-1) (257,59) (258,60) (258,64) (258,71) (258,78) (260,86) (260,94) (260,101) (260,108) (260,116) (260,123) (260,128) (260,134) (260,138) (260,140) (260,142) (260,145) (260,146) (-1,-1) 
·Ê (51,47) (51,46) (53,45) (55,44) (59,44) (65,44) (70,44) (77,44) (82,44) (91,44) (97,44) (101,44) (104,44) (107,44) (109,44) (112,44) (113,47) (113,50) (113,53) (113,55) (111,59) (110,63) (110,65) (110,68) (109,70) (107,72) (106,73) (106,75) (105,76) (104,77) (102,77) (98,77) (95,77) (87,77) (80,77) (73,77) (65,76) (61,76) (57,76) (55,76) (51,75) (50,74) (49,74) (49,75) (49,79) (51,83) (52,87) (53,92) (55,96) (56,100) (57,102) (58,103) (58,104) (59,107) (59,108) (60,110) (61,111) (65,111) (70,111) (76,112) (80,114) (85,115) (90,115) (94,115) (98,115) (103,115) (107,115) (110,115) (112,115) (114,115) (-1,-1) (120,86) (122,86) (125,86) (127,86) (132,86) (138,86) (143,86) (149,86) (154,86) (159,86) (163,86) (167,86) (169,86) (-1,-1) (142,94) (143,94) (147,97) (153,98) (156,98) (160,98) (164,100) (168,100) (170,100) (171,100) (-1,-1) (177,64) (177,66) (177,70) (177,74) (177,78) (177,83) (177,88) (177,92) (177,98) (177,103) (177,107) (177,112) (177,116) (177,118) (177,120) (-1,-1) (209,28) (210,28) (210,32) (210,37) (210,44) (210,52) (210,61) (210,71) (210,81) (210,91) (210,100) (210,108) (210,113) (210,117) (210,121) (210,123) (210,125) (-1,-1) 
·Î (64,31) (65,31) (66,31) (67,31) (68,31) (69,31) (70,31) (72,31) (75,31) (79,31) (81,31) (85,31) (87,31) (89,31) (92,31) (93,31) (95,31) (96,31) (97,32) (98,36) (99,40) (101,45) (102,51) (103,55) (103,59) (103,61) (103,65) (103,67) (103,68) (103,70) (103,73) (102,74) (101,75) (100,76) (98,78) (97,79) (94,80) (92,81) (90,81) (87,81) (85,81) (81,81) (79,81) (77,81) (74,81) (73,81) (71,81) (69,81) (68,81) (66,81) (65,81) (64,81) (63,81) (62,81) (61,81) (58,83) (57,85) (57,89) (57,93) (57,96) (57,99) (57,101) (57,102) (57,103) (57,104) (58,105) (61,105) (66,105) (71,105) (77,105) (82,105) (88,105) (97,105) (100,105) (103,105) (-1,-1) (91,106) (89,109) (88,113) (88,118) (88,123) (88,130) (86,136) (86,140) (86,142) (85,144) (-1,-1) (49,149) (52,149) (58,149) (67,149) (74,149) (84,149) (94,149) (101,149) (106,149) (112,149) (114,149) (117,150) (-1,-1) 
½á (134,29) (133,29) (131,31) (127,35) (123,39) (116,48) (107,57) (96,68) (85,79) (76,90) (69,99) (62,105) (58,109) (56,112) (-1,-1) (84,78) (86,78) (90,80) (94,84) (101,91) (107,97) (114,104) (120,110) (124,113) (127,114) (-1,-1) (154,61) (154,63) (154,67) (149,73) (147,79) (142,85) (137,91) (132,100) (127,108) (124,114) (121,120) (118,126) (116,130) (114,132) (-1,-1) (123,111) (124,110) (126,110) (129,110) (131,111) (135,114) (138,116) (142,121) (145,125) (149,127) (151,130) (154,132) (156,134) (157,135) (-1,-1) (160,106) (160,105) (162,104) (166,104) (168,104) (173,104) (179,104) (186,104) (191,104) (193,104) (196,104) (198,104) (-1,-1) (198,85) (198,87) (198,91) (198,96) (198,100) (198,105) (198,110) (198,114) (198,118) (198,120) (198,124) (198,127) (198,128) (198,129) (198,130) (198,131) (-1,-1) 
¾¥ (125,45) (125,47) (123,51) (120,57) (119,63) (116,68) (113,74) (112,78) (111,81) (109,83) (109,86) (-1,-1) (118,76) (119,76) (122,76) (125,76) (129,78) (131,79) (132,80) (134,80) (135,80) (136,80) (-1,-1) (151,56) (151,57) (151,60) (150,64) (149,66) (149,70) (148,74) (148,78) (147,80) (147,82) (145,85) (144,87) (144,90) (144,91) (143,92) (-1,-1) (150,73) (151,73) (152,73) (153,73) (154,75) (155,78) (156,80) (157,83) (159,85) (160,86) (-1,-1) (76,113) (80,113) (91,113) (106,113) (118,113) (130,113) (140,113) (145,113) (149,113) (151,113) (153,113) (156,113) (157,113) (159,113) (160,113) (162,113) (164,113) (167,113) (169,113) (170,113) (172,113) (173,113) (174,113) (175,113) (177,113) (178,113) (-1,-1) (139,112) (138,112) (138,115) (138,117) (138,121) (138,123) (138,127) (138,129) (138,131) (138,134) (138,136) (-1,-1) 
½Î (147,42) (146,41) (145,41) (142,42) (140,45) (134,51) (127,58) (122,66) (115,75) (109,81) (102,90) (96,96) (91,100) (89,104) (86,107) (85,109) (84,110) (-1,-1) (103,68) (104,67) (106,65) (110,66) (116,69) (120,71) (124,75) (131,82) (135,86) (137,90) (140,93) (141,94) (-1,-1) (162,72) (161,72) (159,76) (158,80) (155,84) (152,90) (149,94) (147,98) (144,103) (143,107) (141,111) (140,114) (139,116) (138,119) (137,120) (-1,-1) (148,103) (149,102) (151,102) (153,103) (156,106) (158,108) (160,111) (161,115) (162,117) (163,120) (-1,-1) (210,43) (211,45) (211,51) (213,58) (214,66) (214,73) (214,80) (214,88) (214,93) (214,99) (214,102) (214,106) (214,110) (214,114) (214,116) (214,117) (214,119) (214,120) (-1,-1) (219,97) (220,96) (222,95) (227,95) (232,95) (236,95) (240,95) (242,95) (245,95) (246,95) (-1,-1) 
µÎ (116,69) (117,68) (118,67) (120,67) (122,67) (126,67) (133,68) (137,68) (143,69) (151,71) (156,72) (160,73) (164,75) (166,75) (169,75) (-1,-1) (132,74) (129,75) (128,77) (128,79) (128,85) (128,90) (128,95) (128,99) (128,103) (128,105) (128,106) (128,109) (128,110) (128,112) (131,113) (135,114) (139,116) (144,117) (150,118) (154,118) (157,118) (160,118) (162,118) (164,118) (167,118) (169,118) (170,118) (171,118) (172,118) (174,118) (175,118) (-1,-1) (84,139) (87,139) (94,139) (106,139) (120,139) (139,141) (161,145) (183,147) (204,151) (219,153) (233,153) (239,153) (243,153) (-1,-1) (150,144) (149,144) (148,147) (148,151) (148,154) (148,158) (148,162) (148,164) (148,167) (148,169) (148,171) (148,172) (148,173) (-1,-1) 
Ãß (115,81) (115,82) (116,86) (117,88) (118,92) (120,97) (121,101) (121,105) (122,108) (122,109) (122,111) (122,112) (-1,-1) (69,115) (72,115) (78,115) (83,115) (90,115) (97,115) (103,115) (107,115) (110,115) (113,115) (113,116) (111,118) (108,122) (105,125) (103,129) (100,131) (98,134) (96,136) (95,137) (94,140) (93,141) (92,142) (91,143) (-1,-1) (108,130) (109,130) (111,131) (114,133) (115,135) (118,139) (119,142) (122,146) (123,148) (124,150) (125,153) (126,154) (-1,-1) (60,173) (60,174) (66,177) (74,179) (82,180) (87,180) (93,182) (98,182) (104,182) (107,182) (111,182) (115,182) (119,182) (124,182) (127,182) (130,182) (133,182) (135,182) (137,182) (138,182) (-1,-1) (114,183) (113,184) (112,186) (112,190) (112,194) (112,199) (112,203) (112,207) (112,209) (112,213) 
Ãß (110,22) (111,24) (112,26) (113,29) (113,31) (115,34) (115,35) (115,37) (115,38) (115,40) (115,41) (115,42) (115,43) (115,44) (-1,-1) (48,53) (49,53) (53,53) (58,53) (64,53) (71,53) (75,53) (78,53) (82,53) (86,53) (88,53) (92,53) (95,53) (97,53) (98,53) (99,53) (100,53) (101,53) (103,53) (104,53) (105,53) (107,53) (110,53) (112,53) (114,53) (115,53) (116,53) (117,53) (119,53) (122,53) (123,52) (124,52) (124,53) (124,56) (123,60) (122,62) (119,66) (117,70) (116,72) (113,75) (112,77) (111,80) (110,81) (109,82) (108,83) (107,84) (105,85) (-1,-1) (120,69) (121,69) (124,70) (125,73) (126,74) (127,75) (128,77) (128,79) (129,82) (130,83) (131,85) (133,87) (134,89) (134,91) (134,92) (135,93) (136,94) (-1,-1) (75,106) (80,106) (87,106) (94,106) (104,106) (111,106) (117,105) (122,105) (128,105) (132,104) (134,103) (136,103) (137,103) (138,103) (139,103) (142,103) (143,102) (144,101) (145,101) (-1,-1) (126,101) (125,101) (124,102) (123,103) (123,105) (122,107) (122,111) (122,113) (122,116) (122,118) (121,120) (120,121) (120,124) (119,125) (119,126) (119,128) (119,130) (119,132) (119,135) (119,136) (119,138) (119,140) (119,141) (119,142) (119,143) (-1,-1) 
µÚ (91,81) (91,82) (91,83) (95,84) (100,85) (108,87) (114,87) (117,87) (121,87) (124,87) (126,87) (128,87) (130,87) (131,87) (-1,-1) (90,80) (89,79) (89,80) (89,82) (89,85) (89,87) (89,89) (89,90) (89,91) (89,93) (89,94) (89,97) (93,98) (97,98) (102,98) (108,98) (115,98) (122,98) (130,98) (139,98) (145,98) (150,98) (154,98) (156,98) (159,98) (160,99) (-1,-1) (82,128) (82,129) (84,129) (92,129) (104,129) (116,129) (130,129) (142,129) (154,129) (161,129) (167,129) (171,129) (173,129) (175,129) (176,129) (177,129) (178,129) (179,129) (180,129) (181,129) (184,129) (-1,-1) (151,129) (150,130) (149,131) (148,132) (148,135) (147,141) (145,146) (145,154) (145,159) (145,164) (145,170) (145,172) (145,174) (145,176) (-1,-1) (174,76) (175,79) (176,85) (176,92) (176,99) (176,107) (176,114) (176,124) (176,131) (176,137) (176,142) (176,147) (176,151) (176,155) (176,157) (-1,-1) 
Ãé (101,83) (102,83) (104,85) (107,89) (108,93) (111,99) (113,105) (114,109) (114,111) (115,113) (-1,-1) (89,117) (90,117) (94,117) (99,117) (103,117) (107,117) (109,117) (111,117) (114,116) (114,119) (113,121) (111,124) (108,128) (105,132) (101,136) (97,140) (93,144) (91,147) (89,151) (87,153) (85,156) (84,157) (83,158) (-1,-1) (87,150) (90,150) (92,151) (95,152) (97,154) (100,157) (102,161) (105,164) (106,166) (107,167) (108,168) (-1,-1) (70,177) (74,178) (81,178) (91,182) (108,183) (120,185) (131,187) (138,187) (142,187) (144,187) (146,187) (-1,-1) (117,182) (116,182) (115,182) (113,184) (113,186) (113,190) (113,193) (113,196) (113,200) (113,202) (113,203) (113,204) (-1,-1) (129,193) (133,193) (135,193) (139,193) (144,193) (150,193) (154,193) (157,193) (160,193) (161,193) (163,193) (-1,-1) (165,148) (166,148) (166,150) (167,154) (167,159) (169,165) (169,170) (169,177) (169,183) (169,187) (169,190) (169,193) (169,195) (169,197) (-1,-1) (189,121) (190,121) (191,121) (191,124) (191,128) (191,133) (191,140) (191,148) (191,153) (191,159) (191,164) (191,168) (191,172) (191,174) (191,176) (191,177) (191,178) (190,179) (190,180) (190,181) (189,182) (-1,-1) 
Ãé (86,30) (87,32) (88,34) (89,37) (91,39) (91,40) (91,41) (91,42) (91,43) (-1,-1) (60,53) (62,53) (66,53) (71,53) (75,53) (78,53) (80,53) (81,53) (82,53) (83,53) (85,53) (86,53) (87,53) (89,53) (92,53) (93,53) (94,53) (96,53) (97,53) (98,53) (99,53) (100,54) (101,55) (101,57) (101,59) (101,61) (101,65) (99,68) (97,70) (94,73) (92,77) (89,79) (86,83) (84,86) (82,88) (81,91) (80,92) (79,93) (78,95) (77,98) (76,99) (75,100) (-1,-1) (91,68) (92,67) (93,67) (95,67) (96,67) (99,70) (101,72) (104,76) (107,80) (109,84) (110,87) (112,89) (113,90) (113,91) (-1,-1) (61,118) (63,118) (69,118) (76,118) (85,118) (93,118) (100,118) (106,118) (111,118) (115,118) (119,118) (121,118) (-1,-1) (108,118) (107,119) (107,121) (107,125) (107,128) (107,132) (107,138) (107,141) (107,145) (107,148) (107,150) (107,152) (-1,-1) (116,131) (117,130) (118,130) (121,130) (123,130) (125,130) (126,130) (128,130) (131,130) (132,129) (133,129) (135,128) (136,127) (137,126) (-1,-1) (139,90) (139,91) (139,93) (139,96) (139,100) (139,105) (139,109) (139,114) (139,118) (139,122) (139,124) (139,126) (139,129) (139,131) (139,132) (-1,-1) (159,74) (159,76) (159,83) (159,91) (159,101) (159,110) (159,118) (159,123) (159,128) (159,132) (159,136) (159,138) (159,141) (159,142) (159,144) (-1,-1) 
ºü (77,51) (77,52) (77,53) (77,54) (77,56) (77,59) (78,61) (78,64) (80,67) (80,71) (80,77) (80,86) (80,93) (80,103) (81,111) (82,116) (84,120) (84,122) (84,123) (85,124) (87,126) (89,126) (93,126) (99,126) (104,126) (109,126) (115,126) (120,126) (125,125) (131,125) (135,124) (137,123) (140,121) (142,120) (143,119) (144,117) (145,114) (148,110) (149,108) (149,104) (149,99) (149,95) (149,90) (149,86) (149,82) (149,78) (149,76) (149,74) (149,71) (149,70) (-1,-1) (91,100) (93,100) (97,100) (102,100) (108,100) (113,99) (117,99) (121,98) (123,98) (124,98) (126,98) (127,98) (128,98) (129,98) (131,98) (132,98) (134,98) (135,98) (137,98) (139,98) (141,98) (144,98) (-1,-1) (116,75) (115,75) (114,76) (114,78) (114,80) (114,86) (114,91) (114,97) (114,102) (114,106) (114,110) (114,112) (114,114) (114,116) (114,119) (114,121) (114,122) (114,123) (114,124) (-1,-1) (167,67) (168,67) (169,68) (169,72) (169,76) (169,81) (169,90) (169,98) (169,105) (169,110) (169,117) (169,123) (169,127) (169,130) (169,133) (169,135) (169,137) (-1,-1) (172,105) (173,104) (175,103) (179,103) (181,103) (184,103) (186,103) (188,103) (189,103) (191,103) (192,103) (193,102) (-1,-1) 
ÃÊ (131,17) (132,16) (133,16) (134,17) (136,20) (137,24) (137,28) (138,32) (139,35) (139,41) (139,45) (139,47) (139,49) (139,50) (-1,-1) (92,67) (95,67) (101,67) (108,67) (118,67) (125,67) (135,67) (145,66) (153,64) (158,63) (160,63) (164,62) (165,62) (165,64) (165,68) (161,72) (156,78) (152,84) (143,91) (137,96) (133,100) (129,103) (126,105) (-1,-1) (155,84) (157,84) (160,84) (162,86) (165,91) (168,95) (172,101) (175,107) (178,113) (181,117) (182,120) (183,122) (-1,-1) (164,118) (163,119) (162,121) (162,125) (162,130) (162,134) (162,140) (162,143) (162,147) (162,150) (162,152) (162,154) (162,155) (-1,-1) (127,162) (132,162) (141,162) (153,162) (168,162) (182,162) (194,162) (201,162) (207,162) (209,162) (211,162) (214,162) (216,162) (217,162) (-1,-1) 
±¸ (125,82) (127,83) (130,83) (136,84) (141,86) (147,86) (151,86) (153,86) (155,86) (158,86) (159,86) (160,86) (162,86) (163,86) (164,87) (165,88) (166,90) (166,94) (166,98) (166,101) (166,107) (166,111) (166,114) (166,117) (166,119) (166,121) (166,122) (166,123) (166,126) (166,127) (-1,-1) (116,137) (116,138) (116,139) (120,139) (125,139) (132,139) (140,139) (149,139) (157,139) (164,139) (170,139) (173,139) (176,139) (178,139) (179,139) (-1,-1) (150,138) (151,138) (154,138) (155,140) (156,142) (156,146) (157,151) (159,157) (159,161) (159,166) (159,170) (159,172) (159,173) (159,174) (-1,-1) 
Å¥ (93,38) (95,38) (99,38) (104,38) (108,38) (112,38) (116,38) (120,38) (124,38) (127,38) (131,38) (134,38) (136,38) (138,38) (139,39) (140,41) (142,44) (142,48) (142,52) (142,55) (142,59) (142,63) (142,67) (142,72) (142,74) (142,78) (142,81) (142,83) (142,85) (-1,-1) (109,65) (110,65) (112,65) (115,65) (118,65) (121,65) (123,65) (125,65) (128,65) (129,65) (130,65) (131,65) (133,65) (135,65) (137,65) (140,65) (141,65) (-1,-1) (97,99) (100,99) (108,99) (117,99) (125,99) (132,99) (137,99) (141,99) (144,99) (146,99) (148,99) (149,99) (151,99) (152,99) (153,99) (156,99) (158,99) (160,99) (162,99) (163,99) (164,99) (165,99) (168,99) (-1,-1) (135,99) (134,99) (133,101) (132,105) (132,109) (132,116) (132,122) (132,127) (132,132) (132,135) (132,137) (132,139) (132,140) (-1,-1) (153,99) (153,101) (153,103) (153,106) (153,109) (153,112) (153,116) (153,118) (153,120) (153,122) (153,123) (153,124) (-1,-1) 
ÁÂ (113,65) (113,64) (113,63) (114,63) (115,63) (116,63) (118,63) (119,63) (121,63) (122,63) (124,63) (126,63) (128,63) (130,63) (133,63) (135,63) (137,63) (139,63) (140,63) (141,63) (143,63) (143,64) (143,67) (143,69) (142,71) (141,74) (139,76) (136,80) (135,83) (132,85) (131,88) (130,90) (129,91) (128,92) (126,94) (125,95) (124,97) (123,98) (122,99) (121,101) (-1,-1) (137,83) (139,82) (141,82) (144,82) (146,82) (148,82) (151,82) (153,83) (157,87) (161,90) (164,93) (166,95) (169,99) (171,102) (174,104) (177,107) (178,108) (179,109) (179,111) (180,112) (-1,-1) (145,115) (146,115) (148,115) (149,116) (150,118) (151,122) (151,126) (151,130) (151,132) (151,134) (151,135) (151,136) (-1,-1) (121,149) (124,149) (131,149) (139,149) (144,149) (150,149) (153,148) (157,148) (160,147) (162,147) (164,147) (168,146) (171,144) (173,144) (175,144) (178,144) (180,144) (182,144) (184,144) (187,144) (189,144) (191,144) (192,144) (195,144) (-1,-1) (205,64) (205,69) (205,76) (205,88) (205,100) (205,110) (205,120) (205,127) (205,133) (205,138) (205,142) (205,146) (205,148) (205,149) (-1,-1) (210,115) (211,114) (212,113) (213,113) (215,113) (216,113) (218,113) (221,113) (223,111) (226,110) (228,110) (230,110) (231,109) (232,109) (-1,-1) 
Áã (117,79) (117,78) (118,77) (121,77) (125,77) (127,77) (129,77) (131,77) (134,77) (135,77) (137,77) (138,77) (139,77) (140,77) (141,77) (141,80) (141,84) (141,88) (141,92) (136,98) (134,102) (129,106) (127,108) (123,112) (120,116) (118,119) (116,121) (115,122) (-1,-1) (136,98) (137,97) (138,97) (140,97) (143,98) (145,100) (150,104) (152,108) (155,112) (158,116) (159,119) (160,121) (161,122) (-1,-1) (97,139) (96,140) (97,141) (101,143) (107,144) (112,147) (118,148) (122,148) (127,148) (133,150) (138,150) (142,150) (146,150) (148,150) (150,150) (153,150) (154,150) (155,150) (156,150) (158,150) (159,150) (160,150) (-1,-1) (153,150) (152,150) (151,150) (150,151) (149,153) (149,157) (149,161) (149,165) (149,168) (149,171) (149,173) (148,174) (147,175) (-1,-1) (181,98) (181,101) (181,106) (181,113) (181,123) (181,135) (181,145) (181,152) (181,157) (181,163) (181,166) (181,169) (181,171) (181,172) (181,173) (-1,-1) 
±Ô (98,69) (99,69) (100,69) (102,69) (105,69) (109,69) (114,69) (118,70) (123,72) (127,72) (131,73) (135,73) (139,73) (141,73) (143,73) (147,73) (150,73) (151,74) (152,76) (152,80) (152,84) (152,88) (152,93) (152,98) (152,102) (152,106) (152,110) (152,112) (152,114) (-1,-1) (85,117) (88,117) (96,117) (106,118) (125,122) (147,124) (166,126) (181,128) (191,130) (198,131) (204,133) (208,133) (212,133) (214,134) (-1,-1) (159,125) (159,127) (159,130) (159,136) (159,143) (159,148) (159,152) (159,156) (159,160) (159,162) (159,164) (159,167) (159,168) (-1,-1) (117,122) (118,122) (118,124) (118,128) (118,134) (118,139) (118,144) (118,150) (118,155) (118,160) (118,164) (118,167) (118,169) (118,171) (118,172) (-1,-1) 
´õ (107,55) (108,55) (109,55) (110,55) (113,55) (115,55) (117,55) (119,55) (122,55) (126,55) (128,55) (130,55) (132,55) (135,55) (137,55) (139,55) (140,55) (142,55) (145,55) (146,55) (148,55) (149,55) (151,55) (153,55) (156,55) (157,55) (-1,-1) (113,55) (112,56) (112,59) (112,63) (112,67) (112,71) (112,75) (112,77) (112,79) (112,80) (112,84) (112,86) (112,88) (112,89) (112,90) (112,91) (112,92) (112,94) (116,95) (118,96) (121,96) (124,96) (128,96) (130,96) (134,96) (137,96) (141,97) (143,97) (144,97) (146,97) (148,97) (149,97) (151,97) (154,97) (156,97) (158,97) (159,97) (160,97) (-1,-1) (160,77) (162,77) (164,77) (166,77) (170,77) (174,77) (179,77) (183,77) (187,77) (189,77) (190,77) (192,77) (193,77) (194,77) (-1,-1) (201,46) (201,48) (201,54) (201,59) (201,66) (201,74) (201,81) (201,88) (201,94) (201,101) (201,106) (201,112) (201,117) (201,124) (201,128) (201,132) (201,134) (201,137) (200,138) (-1,-1) 
¿Í (139,35) (138,36) (137,37) (136,38) (135,39) (135,40) (134,41) (134,42) (133,43) (133,44) (133,45) (133,47) (133,49) (133,50) (133,53) (133,54) (133,55) (133,56) (133,57) (134,58) (135,59) (137,60) (140,61) (142,61) (145,61) (147,61) (149,61) (150,61) (151,61) (153,61) (156,61) (158,61) (160,61) (162,61) (163,61) (165,61) (166,60) (167,59) (168,58) (169,57) (171,56) (172,55) (172,54) (172,53) (172,52) (172,50) (172,47) (172,46) (172,44) (172,43) (172,42) (172,41) (172,40) (172,39) (171,38) (170,38) (169,38) (167,37) (166,37) (164,36) (163,36) (162,36) (161,36) (160,36) (158,36) (157,36) (156,36) (155,36) (153,36) (152,36) (151,36) (150,36) (148,36) (147,36) (146,36) (145,36) (143,36) (142,36) (141,36) (140,36) (137,36) (-1,-1) (149,64) (150,65) (151,67) (151,69) (151,73) (151,76) (151,79) (151,82) (151,84) (151,86) (151,87) (151,88) (151,90) (151,91) (151,92) (-1,-1) (114,96) (116,96) (120,96) (125,96) (130,96) (136,96) (141,96) (145,96) (149,96) (154,96) (156,96) (159,96) (162,96) (165,96) (169,96) (171,96) (175,96) (177,96) (181,96) (183,96) (184,96) (186,96) (187,96) (188,96) (189,96) (192,96) (193,96) (-1,-1) (206,33) (206,37) (206,46) (206,54) (206,61) (206,69) (206,76) (206,80) (206,85) (206,91) (206,96) (206,101) (206,107) (206,110) (206,114) (206,118) (206,120) (206,121) (206,122) (-1,-1) (206,82) (206,81) (208,81) (209,81) (210,81) (211,81) (214,81) (216,81) (218,81) (220,81) (223,81) (225,81) (227,81) (230,81) (232,81) (233,81) (234,81) (236,81) (237,81) (238,81) (239,81) (241,81) (242,81) (243,81) (244,80) (-1,-1) 
¶ó (107,48) (110,48) (114,48) (119,48) (124,48) (128,48) (130,48) (133,48) (135,48) (136,48) (137,48) (138,48) (138,50) (138,51) (138,53) (138,56) (138,58) (138,60) (138,63) (138,64) (138,65) (138,67) (138,68) (138,69) (138,70) (138,72) (137,73) (136,74) (135,75) (134,76) (132,76) (129,76) (128,76) (127,76) (125,76) (123,76) (121,76) (118,76) (116,76) (112,76) (110,76) (109,76) (107,76) (106,76) (105,77) (104,78) (103,79) (103,81) (103,84) (103,87) (103,91) (103,95) (103,99) (103,103) (103,107) (103,109) (103,111) (103,113) (103,114) (103,116) (103,117) (103,118) (104,118) (108,118) (113,118) (118,118) (124,118) (129,118) (133,118) (137,118) (139,118) (140,118) (141,118) (143,118) (-1,-1) (148,54) (148,59) (148,64) (148,71) (148,79) (148,86) (148,93) (148,99) (148,104) (148,111) (148,119) (148,126) (148,133) (148,139) (148,144) (148,146) (148,149) (-1,-1) (148,109) (150,108) (152,106) (158,106) (165,106) (170,106) (176,106) (183,106) (188,106) (193,106) (197,106) (201,106) (203,106) (206,106) (-1,-1) 
Ç» (79,113) (81,112) (84,111) (86,109) (89,109) (91,109) (95,109) (100,109) (105,109) (109,109) (115,109) (120,109) (124,109) (128,109) (130,109) (134,109) (136,109) (138,109) (141,109) (143,109) (-1,-1) (109,109) (108,109) (107,111) (107,113) (107,117) (107,122) (107,126) (107,128) (107,131) (107,132) (107,133) (-1,-1) (131,111) (131,113) (131,116) (131,119) (131,122) (131,125) (131,128) (131,129) (131,131) (131,132) (131,133) (131,134) (131,136) (131,137) (-1,-1) (79,136) (80,136) (86,136) (93,136) (103,136) (113,137) (123,139) (128,140) (134,140) (137,141) (141,141) (144,141) (146,141) (148,141) (149,141) (150,141) (-1,-1) (77,163) (79,164) (87,165) (99,167) (111,167) (121,167) (133,167) (142,167) (152,167) (160,167) (165,167) (169,167) (171,167) (173,167) (-1,-1) (111,167) (110,167) (109,169) (109,173) (109,177) (109,182) (109,188) (109,192) (109,195) (109,199) (109,202) (109,204) (109,206) (109,207) (-1,-1) (135,176) (135,177) (135,180) (135,184) (135,188) (135,192) (135,196) (135,199) (135,202) (135,204) (135,206) (135,207) (-1,-1) 
¿© (127,99) (126,99) (126,101) (126,105) (126,109) (126,114) (126,120) (126,123) (126,127) (127,131) (128,134) (130,136) (131,139) (133,141) (136,142) (137,143) (139,143) (141,143) (144,143) (146,143) (148,143) (149,143) (151,143) (154,143) (158,143) (160,140) (161,139) (164,136) (166,133) (167,131) (169,128) (170,126) (171,122) (172,120) (172,117) (172,115) (172,113) (172,110) (172,109) (172,108) (172,106) (171,102) (170,101) (169,100) (166,99) (164,97) (163,97) (161,97) (160,97) (157,95) (156,95) (155,95) (153,95) (151,95) (149,95) (145,96) (142,97) (141,97) (140,97) (138,98) (137,98) (136,99) (-1,-1) (176,99) (179,99) (181,99) (183,99) (187,99) (192,99) (200,101) (205,102) (211,102) (215,102) (218,102) (221,102) (222,102) (-1,-1) (172,126) (173,127) (177,130) (183,131) (188,131) (194,133) (198,133) (201,133) (205,133) (208,133) (209,133) (211,133) (212,133) (213,133) (215,133) (216,133) (217,133) (218,133) (220,133) (-1,-1) (230,75) (230,77) (230,84) (230,94) (230,104) (230,111) (230,119) (230,124) (230,129) (230,133) (230,138) (230,142) (230,146) (230,148) (230,149) (230,152) (230,153) (-1,-1) 
Á¦ (91,111) (92,110) (93,110) (94,110) (95,110) (96,110) (97,110) (100,109) (102,109) (104,109) (107,109) (109,109) (111,109) (112,109) (114,109) (117,109) (118,109) (119,109) (121,109) (122,109) (123,109) (124,109) (126,109) (127,109) (128,109) (129,109) (130,109) (130,110) (130,112) (130,113) (129,116) (128,118) (127,121) (126,122) (124,124) (123,125) (122,127) (120,130) (119,131) (118,133) (117,134) (114,136) (113,139) (112,140) (112,141) (111,142) (111,143) (-1,-1) (122,121) (123,120) (125,120) (128,120) (129,123) (130,127) (132,129) (133,132) (134,134) (135,137) (136,138) (136,139) (137,141) (137,142) (138,143) (140,145) (141,146) (142,147) (143,148) (-1,-1) (143,136) (144,135) (146,134) (150,134) (154,134) (157,134) (160,134) (162,134) (164,134) (165,134) (167,134) (-1,-1) (173,105) (173,106) (173,110) (173,114) (173,119) (173,125) (173,132) (173,137) (173,143) (173,146) (173,152) (173,154) (173,156) (173,159) (-1,-1) (198,95) (198,96) (198,100) (198,104) (198,109) (198,116) (198,124) (198,131) (198,138) (198,146) (198,153) (198,158) (198,162) (198,165) (198,166) (198,167) (198,168) (197,169) (-1,-1) 
Âé (87,64) (88,64) (91,64) (94,64) (97,64) (99,64) (101,64) (104,64) (107,64) (110,64) (111,64) (113,64) (115,64) (117,64) (120,64) (122,64) (124,64) (127,64) (128,64) (129,64) (130,67) (130,69) (130,71) (130,73) (130,76) (128,78) (127,82) (126,85) (123,87) (122,91) (121,94) (119,96) (118,99) (117,100) (116,102) (115,103) (114,104) (-1,-1) (116,93) (117,92) (121,92) (123,92) (125,93) (128,96) (130,97) (133,99) (135,101) (136,102) (138,103) (139,104) (140,105) (-1,-1) (142,69) (143,68) (145,67) (147,67) (149,67) (153,67) (157,67) (160,67) (162,67) (164,67) (166,67) (169,67) (171,67) (172,67) (174,67) (175,67) (176,68) (177,70) (177,71) (177,75) (177,77) (177,79) (174,83) (173,86) (171,90) (169,92) (167,95) (166,97) (164,100) (163,101) (162,102) (161,103) (160,104) (160,105) (-1,-1) (169,84) (172,84) (174,84) (176,85) (180,89) (183,93) (186,96) (188,100) (190,102) (191,103) (192,104) (192,105) (-1,-1) (73,110) (77,110) (82,110) (88,110) (95,110) (109,112) (124,112) (138,114) (153,116) (170,116) (182,116) (191,116) (199,116) (203,116) (206,116) (209,116) (210,116) (-1,-1) (133,115) (135,118) (136,123) (136,129) (136,136) (136,141) (136,146) (136,150) (136,153) (136,155) (136,157) (137,158) (138,159) (141,159) (-1,-1) (165,118) (166,118) (166,120) (166,125) (166,131) (166,138) (166,143) (166,148) (166,154) (166,158) (166,160) (166,161) (-1,-1) 
È£ (114,13) (114,14) (114,18) (114,20) (114,24) (114,28) (114,30) (114,32) (114,35) (114,37) (114,38) (-1,-1) (78,43) (79,43) (83,44) (87,45) (91,46) (96,48) (102,49) (106,49) (111,51) (117,52) (121,53) (124,53) (128,53) (132,53) (134,53) (137,53) (139,53) (141,53) (143,53) (144,53) (-1,-1) (100,88) (99,89) (98,91) (98,95) (98,99) (98,101) (98,105) (98,107) (98,110) (100,112) (102,113) (104,115) (108,115) (111,115) (114,115) (117,115) (119,115) (121,115) (124,115) (126,115) (128,115) (131,114) (132,112) (134,109) (135,108) (137,106) (137,105) (137,103) (137,102) (137,101) (137,100) (135,98) (134,97) (133,95) (132,94) (131,93) (130,92) (127,91) (123,90) (119,89) (116,89) (112,86) (111,86) (108,85) (107,85) (105,85) (104,85) (103,85) (101,85) (98,85) (97,85) (96,87) (95,90) (95,91) (95,93) (95,95) (95,96) (95,98) (-1,-1) (120,117) (120,121) (120,125) (120,130) (120,134) (120,139) (120,145) (120,148) (120,152) (120,155) (120,157) (120,159) (-1,-1) (91,163) (94,163) (99,163) (106,163) (116,163) (123,163) (129,163) (132,163) (136,163) (140,163) (144,163) (146,163) (147,163) (149,163) (150,163) (151,163) (152,163) (155,163) (156,163) (158,163) (160,163) (161,163) (-1,-1) 
Çã (118,10) (119,9) (120,9) (122,11) (123,15) (124,19) (125,21) (125,24) (127,26) (127,28) (127,31) (127,33) (-1,-1) (90,41) (89,42) (89,43) (93,43) (100,44) (112,46) (125,48) (137,49) (147,51) (157,53) (165,54) (169,56) (173,56) (175,56) (176,56) (177,56) (178,56) (179,57) (180,57) (-1,-1) (133,74) (132,75) (130,76) (129,77) (128,78) (127,81) (125,83) (124,87) (123,91) (123,95) (123,97) (123,99) (123,102) (123,104) (123,105) (123,107) (123,108) (123,109) (124,110) (125,110) (126,110) (128,110) (130,110) (133,110) (136,110) (140,110) (143,110) (145,110) (147,110) (148,110) (149,109) (150,108) (153,106) (154,105) (155,102) (156,100) (157,98) (157,97) (157,96) (157,95) (157,94) (157,92) (157,91) (157,90) (157,89) (157,87) (157,86) (157,85) (157,84) (157,82) (157,80) (156,79) (155,79) (153,76) (152,76) (151,76) (147,75) (146,75) (144,74) (143,74) (142,74) (140,74) (137,74) (136,74) (135,74) (134,74) (-1,-1) (169,95) (170,96) (176,97) (184,99) (191,99) (198,99) (206,100) (210,100) (214,100) (216,100) (-1,-1) (222,74) (222,75) (222,80) (222,89) (222,99) (222,113) (222,125) (222,137) (222,145) (222,152) (222,156) (222,160) (222,162) (-1,-1) 
ÇÏ (96,21) (97,20) (97,22) (97,24) (98,28) (100,32) (101,37) (101,40) (101,44) (101,46) (101,48) (101,50) (101,51) (-1,-1) (42,59) (42,60) (46,60) (55,60) (67,60) (82,62) (94,64) (104,64) (112,64) (119,64) (123,64) (125,64) (129,64) (131,64) (132,64) (-1,-1) (85,100) (81,104) (79,107) (78,111) (78,115) (78,118) (78,122) (78,125) (78,127) (78,129) (80,132) (82,133) (86,134) (90,134) (95,134) (99,134) (103,134) (107,134) (109,134) (111,134) (114,134) (115,133) (117,131) (118,130) (118,128) (118,125) (118,123) (118,122) (118,120) (118,117) (118,115) (118,113) (118,110) (118,109) (117,108) (116,107) (115,106) (114,105) (111,104) (110,104) (108,103) (107,102) (105,102) (103,102) (99,102) (97,102) (94,102) (92,102) (91,102) (89,102) (88,103) (87,104) (86,105) (85,106) (85,107) (85,108) (85,109) (-1,-1) (165,68) (166,68) (167,68) (168,70) (169,76) (171,84) (171,91) (172,101) (172,111) (174,121) (176,131) (178,143) (179,151) (180,156) (180,162) (180,167) (182,171) (183,175) (183,177) (184,180) (-1,-1) (181,141) (181,140) (185,140) (190,140) (195,140) (199,140) (203,140) (207,140) (211,140) (213,140) (215,140) (216,139) (-1,-1) 
Åä (90,83) (92,84) (98,87) (104,88) (111,90) (117,91) (121,92) (123,92) (127,94) (130,95) (131,95) (133,95) (134,95) (135,95) (-1,-1) (103,87) (103,89) (103,94) (103,101) (103,111) (103,121) (103,130) (103,138) (103,142) (103,145) (103,149) (103,151) (103,152) (103,153) (103,155) (106,156) (111,156) (116,156) (123,156) (127,156) (131,156) (133,156) (134,156) (135,156) (-1,-1) (105,129) (105,128) (106,128) (108,128) (113,128) (119,128) (126,128) (133,128) (141,128) (148,128) (153,128) (156,128) (158,128) (-1,-1) (126,166) (124,169) (124,173) (124,177) (124,181) (124,183) (124,187) (124,189) (124,190) (123,193) (123,194) (-1,-1) (96,200) (100,200) (109,200) (121,200) (131,201) (141,201) (151,201) (158,201) (162,201) (164,201) (167,201) (168,201) (169,201) (171,201) (173,201) (174,201) (176,201) (179,201) (180,201) (183,201) (185,201) (188,201) (-1,-1) 
Å¸ (94,100) (95,100) (99,100) (103,100) (108,100) (115,100) (121,100) (125,100) (128,100) (131,100) (133,100) (-1,-1) (93,96) (94,99) (94,101) (94,106) (94,112) (94,117) (94,124) (94,129) (94,135) (94,139) (94,141) (94,142) (94,143) (94,144) (95,145) (96,146) (98,146) (104,146) (109,146) (114,146) (118,146) (124,146) (127,146) (130,146) (132,146) (133,146) (134,146) (-1,-1) (102,128) (104,128) (108,128) (110,128) (114,128) (116,128) (117,128) (118,128) (119,128) (120,128) (121,128) (122,128) (123,128) (-1,-1) (155,82) (155,84) (155,89) (155,96) (155,104) (155,111) (155,119) (155,126) (155,133) (155,143) (155,151) (155,160) (155,170) (156,174) (156,176) (156,178) (156,181) (157,182) (158,183) (-1,-1) (154,153) (158,153) (165,153) (175,153) (180,153) (186,153) (190,153) (192,153) (-1,-1) 
»Ñ (97,73) (97,77) (97,83) (97,88) (97,93) (98,97) (98,101) (98,104) (98,106) (98,108) (99,111) (102,113) (106,116) (111,117) (120,120) (130,122) (140,124) (150,127) (162,129) (172,131) (176,132) (180,132) (182,132) (183,132) (184,132) (187,132) (188,132) (189,130) (190,127) (190,123) (190,120) (190,116) (190,112) (190,110) (190,107) (190,105) (190,103) (190,100) (189,99) (-1,-1) (105,100) (106,101) (112,105) (120,107) (130,108) (140,112) (145,113) (149,115) (153,115) (159,115) (161,115) (165,116) (167,116) (170,117) (172,117) (173,117) (-1,-1) (145,91) (145,92) (145,95) (145,97) (145,101) (145,103) (145,107) (145,109) (145,110) (145,112) (145,113) (145,114) (145,115) (145,118) (145,119) (145,120) (145,121) (145,123) (145,124) (-1,-1) (87,140) (89,141) (93,143) (98,144) (106,146) (113,146) (124,147) (131,149) (141,151) (153,151) (163,151) (171,151) (178,151) (182,152) (186,152) (191,152) (196,152) (200,152) (206,152) (209,152) (213,152) (216,152) (218,152) (220,152) (222,152) (225,152) (227,152) (-1,-1) (155,155) (154,155) (154,159) (154,162) (154,166) (154,170) (154,172) (154,176) (154,178) (-1,-1) 
¸¶ (101,89) (101,92) (101,95) (101,101) (101,108) (101,113) (101,119) (101,124) (101,128) (101,130) (101,132) (101,133) (101,136) (101,137) (101,138) (102,139) (106,140) (113,140) (121,140) (128,140) (135,140) (143,140) (148,140) (150,140) (153,140) (154,140) (155,136) (155,132) (155,129) (155,123) (155,118) (155,113) (155,107) (155,103) (155,98) (155,93) (155,90) (155,88) (154,84) (153,83) (152,83) (151,82) (150,82) (148,80) (147,80) (145,80) (141,78) (139,77) (136,77) (132,76) (127,76) (123,76) (119,76) (115,76) (113,76) (111,76) (110,76) (108,76) (107,76) (106,76) (105,76) (102,76) (101,76) (100,76) (99,77) (99,79) (99,81) (99,84) (99,86) (100,90) (100,92) (100,95) (-1,-1) (180,67) (181,67) (182,68) (184,72) (185,76) (186,81) (186,89) (186,98) (188,108) (190,118) (190,128) (190,136) (190,143) (190,147) (190,151) (190,153) (190,155) (190,157) (-1,-1) (189,105) (190,107) (194,107) (197,107) (201,107) (205,107) (207,107) (210,107) (-1,-1) 
¼Ò (159,38) (158,41) (156,43) (155,46) (153,50) (150,54) (147,58) (144,62) (142,66) (139,70) (136,74) (132,80) (127,86) (125,90) (122,94) (118,98) (115,101) (114,102) (112,104) (-1,-1) (133,64) (135,64) (139,64) (145,64) (149,67) (150,71) (153,75) (155,79) (158,81) (161,85) (163,88) (164,89) (165,90) (165,91) (165,92) (166,93) (167,95) (168,96) (169,97) (-1,-1) (130,112) (129,113) (128,115) (128,118) (128,120) (128,122) (128,126) (128,130) (128,132) (128,136) (128,138) (128,141) (128,143) (128,145) (128,148) (128,150) (-1,-1) (94,152) (97,152) (101,152) (106,152) (114,154) (121,155) (127,156) (132,156) (138,156) (143,156) (147,156) (151,156) (153,156) (155,156) (158,156) (-1,-1) 
¼Ò (139,35) (138,35) (137,35) (135,35) (134,35) (132,37) (129,41) (127,45) (124,49) (121,53) (118,57) (116,61) (114,65) (112,69) (111,71) (-1,-1) (131,38) (133,38) (136,38) (137,41) (138,45) (139,49) (142,53) (143,58) (145,62) (146,66) (147,70) (149,74) (149,76) (-1,-1) (128,73) (128,74) (128,78) (128,83) (128,87) (128,91) (128,94) (128,97) (128,99) (128,100) (126,102) (-1,-1) (97,106) (100,106) (103,106) (107,106) (113,106) (117,106) (120,106) (123,106) (125,106) (127,106) (130,106) (132,106) (133,106) (134,106) (135,106) (137,106) (138,106) (140,106) (143,106) (145,106) (146,106) (148,106) (150,106) (154,106) (156,106) (-1,-1) 
·ç (96,68) (98,68) (101,68) (105,68) (109,68) (114,68) (120,68) (124,68) (129,68) (133,68) (135,68) (137,68) (138,69) (139,70) (139,73) (139,77) (139,81) (139,86) (139,89) (139,91) (139,92) (139,93) (139,94) (138,95) (138,96) (137,97) (136,97) (135,97) (133,98) (129,98) (125,98) (120,98) (115,98) (111,98) (105,98) (102,98) (99,98) (97,98) (96,101) (95,103) (95,107) (95,112) (95,118) (95,121) (95,125) (95,129) (95,131) (95,134) (95,136) (95,137) (95,138) (95,139) (96,140) (100,140) (103,140) (109,140) (114,140) (118,140) (122,140) (126,140) (130,140) (132,140) (133,140) (-1,-1) (74,159) (75,159) (80,159) (87,159) (95,159) (103,161) (113,161) (122,161) (130,161) (137,161) (145,161) (148,161) (151,161) (-1,-1) (127,161) (124,163) (123,167) (123,173) (123,178) (123,185) (123,190) (123,196) (123,200) (123,203) (123,206) (-1,-1) 
ÂÉ (68,59) (68,58) (68,57) (69,57) (70,57) (71,57) (72,57) (73,57) (74,57) (76,57) (78,57) (82,57) (86,58) (88,58) (92,59) (96,60) (100,62) (104,62) (106,62) (108,62) (109,63) (110,64) (110,65) (110,68) (109,71) (106,75) (104,79) (100,83) (95,87) (89,92) (87,96) (84,98) (83,99) (82,100) (81,101) (-1,-1) (94,78) (95,77) (96,77) (97,77) (99,77) (103,77) (107,80) (109,81) (114,84) (116,86) (117,89) (119,91) (121,94) (122,95) (123,96) (124,98) (-1,-1) (124,58) (127,56) (131,55) (134,55) (138,55) (144,55) (147,55) (150,55) (152,55) (153,55) (154,55) (155,55) (155,59) (154,61) (152,65) (150,71) (147,75) (142,81) (140,85) (136,89) (133,91) (132,94) (131,96) (129,99) (128,100) (127,101) (127,102) (126,103) (-1,-1) (140,76) (141,75) (142,75) (143,75) (144,76) (144,78) (146,82) (147,85) (148,87) (149,89) (150,91) (151,92) (152,93) (154,95) (155,96) (-1,-1) (121,113) (120,114) (119,115) (118,117) (117,119) (117,123) (116,127) (116,131) (114,135) (113,139) (113,141) (113,144) (112,145) (111,146) (-1,-1) (72,150) (72,151) (77,151) (82,153) (92,153) (102,153) (114,153) (128,153) (138,153) (143,153) (149,153) (154,153) (156,153) (159,153) (-1,-1) 
·¯ (101,62) (101,63) (103,63) (104,63) (106,63) (110,63) (114,63) (119,63) (125,63) (130,63) (135,63) (141,63) (144,63) (147,65) (149,66) (151,70) (151,72) (151,76) (151,80) (151,83) (150,87) (149,93) (148,97) (146,99) (146,102) (145,104) (144,105) (144,106) (143,107) (142,108) (141,109) (140,110) (138,111) (136,111) (132,111) (128,111) (124,111) (120,111) (115,111) (110,111) (106,111) (102,111) (101,111) (100,111) (100,113) (100,116) (100,118) (100,122) (100,126) (102,130) (103,134) (104,138) (105,142) (107,144) (108,146) (109,147) (110,150) (111,152) (112,153) (113,154) (117,155) (119,157) (123,158) (127,158) (132,158) (136,158) (140,158) (144,158) (148,158) (150,158) (152,158) (155,158) (157,158) (158,158) (-1,-1) (164,119) (164,121) (164,123) (164,124) (166,125) (170,127) (175,128) (183,130) (190,130) (198,130) (203,130) (207,130) (209,130) (-1,-1) (210,88) (211,92) (211,95) (211,101) (211,108) (211,115) (211,123) (211,132) (211,140) (211,147) (211,153) (211,156) (211,160) (211,162) (-1,-1) 
¶ó (63,50) (64,48) (65,47) (67,47) (73,47) (78,47) (83,47) (92,47) (102,47) (110,47) (115,47) (117,47) (119,47) (121,47) (121,49) (121,51) (121,53) (121,57) (121,61) (121,63) (121,65) (121,68) (121,70) (120,71) (119,72) (118,73) (117,74) (115,74) (111,74) (106,74) (99,74) (94,74) (90,74) (86,74) (84,74) (83,75) (82,76) (82,78) (82,80) (82,84) (82,88) (82,92) (82,97) (82,103) (82,106) (82,110) (82,113) (82,116) (82,119) (83,120) (87,120) (91,120) (96,120) (100,120) (105,120) (111,120) (114,120) (117,120) (119,120) (120,120) (121,120) (-1,-1) (161,35) (161,36) (162,42) (164,52) (166,64) (167,76) (169,89) (171,101) (173,111) (174,117) (174,122) (174,126) (175,130) (175,134) (175,137) (176,140) (176,142) (-1,-1) (175,103) (176,102) (177,100) (178,100) (180,100) (182,100) (188,100) (193,100) (200,100) (204,100) (206,100) (-1,-1) 
·Á (68,57) (68,56) (68,55) (72,55) (77,55) (85,57) (93,58) (98,60) (104,61) (108,62) (112,64) (114,65) (116,67) (117,70) (117,74) (117,77) (117,81) (117,85) (117,87) (117,90) (115,92) (114,95) (113,96) (112,97) (110,98) (107,99) (105,99) (103,99) (99,99) (97,99) (93,99) (89,99) (85,99) (81,99) (76,99) (72,99) (67,99) (64,99) (62,99) (61,99) (59,99) (57,100) (56,101) (56,105) (56,107) (56,111) (56,116) (56,120) (56,122) (56,125) (56,126) (56,128) (56,129) (56,130) (57,130) (61,130) (66,130) (73,130) (83,130) (93,132) (101,133) (108,133) (116,135) (120,135) (123,135) (127,135) (130,135) (132,135) (-1,-1) (155,97) (156,96) (158,96) (162,96) (167,96) (171,96) (174,96) (176,96) (178,96) (-1,-1) (162,111) (162,112) (163,112) (165,112) (168,112) (170,112) (171,112) (173,112) (174,112) (175,112) (-1,-1) (190,62) (190,64) (190,71) (190,83) (190,95) (189,105) (189,117) (189,124) (189,132) (189,139) (188,145) (188,150) (187,156) (185,159) (185,163) (185,166) (185,168) (185,169) (-1,-1) 
·ù (65,59) (65,58) (66,57) (70,57) (73,57) (79,57) (83,57) (86,57) (90,57) (93,57) (95,57) (96,57) (97,57) (99,57) (100,57) (101,59) (101,63) (101,66) (101,70) (101,74) (101,78) (101,80) (101,83) (101,85) (101,87) (101,88) (101,89) (100,90) (99,91) (98,92) (96,93) (92,95) (87,95) (81,95) (76,95) (69,95) (63,95) (58,95) (54,95) (49,95) (45,95) (43,95) (40,95) (39,96) (38,98) (38,100) (38,101) (38,103) (40,106) (41,107) (42,109) (43,110) (44,112) (45,113) (47,116) (48,117) (51,119) (53,120) (57,122) (61,123) (66,124) (70,126) (74,127) (78,127) (80,127) (84,127) (86,127) (90,127) (93,127) (94,127) (96,127) (97,127) (99,127) (101,127) (102,127) (103,127) (104,127) (106,127) (107,127) (-1,-1) (35,141) (35,142) (35,144) (39,145) (45,146) (53,149) (61,151) (66,151) (70,151) (75,151) (81,151) (85,151) (88,151) (92,151) (96,151) (98,151) (101,151) (103,151) (104,151) (106,151) (107,151) (108,151) (-1,-1) (63,150) (62,149) (62,152) (62,158) (62,161) (62,165) (62,169) (62,172) (62,174) (62,176) (62,178) (62,179) (63,180) (64,182) (-1,-1) (83,153) (83,155) (83,160) (83,166) (83,171) (83,178) (83,184) (83,189) (83,193) (83,195) (83,197) (-1,-1) 
·ù (81,31) (81,32) (83,32) (87,32) (93,33) (97,34) (102,34) (107,34) (111,34) (115,34) (117,34) (120,36) (121,38) (121,40) (121,44) (121,48) (121,52) (121,56) (121,58) (121,60) (121,63) (121,64) (121,65) (121,66) (120,67) (119,68) (118,69) (117,70) (115,70) (112,70) (110,70) (106,70) (102,70) (97,70) (93,70) (89,70) (87,70) (85,70) (83,70) (82,71) (81,72) (81,73) (81,74) (81,76) (81,78) (81,79) (81,80) (81,81) (82,82) (83,83) (85,86) (89,87) (93,88) (97,88) (100,88) (103,89) (107,89) (109,89) (110,89) (112,89) (113,89) (114,89) (115,89) (117,89) (118,89) (119,89) (120,89) (123,89) (-1,-1) (65,126) (65,127) (69,127) (77,127) (84,127) (91,127) (97,127) (102,127) (107,127) (111,127) (115,127) (117,127) (120,127) (122,127) (123,127) (124,127) (125,127) (127,127) (128,127) (129,127) (130,127) (-1,-1) (94,127) (93,127) (93,129) (93,133) (93,138) (93,142) (93,147) (93,151) (93,155) (93,159) (93,161) (93,162) (93,163) (-1,-1) (112,122) (112,125) (112,127) (112,129) (112,133) (112,137) (112,141) (112,143) (112,147) (112,149) (112,152) (112,153) (112,154) (111,155) (-1,-1) 
Å¸ (37,46) (38,46) (41,46) (44,46) (50,46) (55,46) (62,46) (72,47) (82,48) (92,50) (102,50) (112,52) (120,52) (127,53) (133,55) (137,56) (139,56) (-1,-1) (59,50) (60,52) (61,58) (63,65) (65,73) (66,83) (68,91) (68,98) (68,106) (68,111) (69,117) (69,121) (70,124) (70,128) (72,131) (73,132) (76,133) (83,133) (91,135) (101,136) (111,138) (124,140) (134,141) (139,143) (143,143) (145,143) (-1,-1) (72,100) (76,100) (87,101) (99,101) (111,103) (121,105) (129,106) (133,107) (-1,-1) (180,44) (181,45) (181,49) (183,56) (184,66) (184,78) (184,88) (184,98) (184,108) (184,115) (186,121) (186,126) (187,131) (187,137) (187,141) (188,145) (188,148) (190,152) (191,155) (191,156) (-1,-1) (192,106) (194,106) (198,106) (202,106) (207,106) (214,106) (220,106) (224,106) (227,106) (230,106) (231,106) (-1,-1) 
¿ì (84,53) (83,53) (82,56) (79,58) (78,61) (77,63) (77,67) (77,71) (77,74) (77,78) (77,82) (77,86) (77,88) (77,91) (77,93) (78,95) (79,98) (82,99) (84,100) (88,102) (90,102) (94,102) (98,102) (102,102) (104,102) (107,101) (109,100) (111,99) (112,98) (113,97) (116,95) (118,92) (121,88) (122,86) (124,82) (125,78) (126,74) (126,72) (126,71) (126,68) (126,66) (126,62) (125,61) (121,57) (120,56) (119,56) (116,54) (113,54) (112,54) (109,54) (107,54) (103,54) (99,54) (95,54) (91,54) (90,54) (89,55) (88,56) (87,57) (86,58) (86,59) (86,60) (86,61) (-1,-1) (34,121) (34,122) (39,123) (47,126) (57,128) (69,132) (91,134) (110,136) (127,137) (139,139) (147,141) (151,141) (-1,-1) (104,140) (103,140) (103,141) (103,145) (103,150) (103,155) (103,163) (103,170) (103,177) (103,183) (103,188) (103,192) (103,194) (103,196) (103,199) (102,200) (-1,-1) 
¾¥ (101,40) (101,42) (101,45) (100,47) (97,51) (96,54) (93,59) (90,65) (87,73) (84,79) (81,83) (80,87) (79,93) (77,95) (77,97) (76,100) (75,102) (75,103) (75,104) (75,106) (75,108) (-1,-1) (87,78) (88,77) (90,75) (94,76) (98,77) (102,80) (106,84) (110,88) (114,92) (119,96) (121,99) (124,101) (125,104) (126,105) (127,106) (-1,-1) (147,57) (147,56) (146,56) (145,58) (144,62) (141,66) (140,72) (138,80) (137,85) (135,91) (134,95) (133,100) (131,103) (130,107) (129,109) (128,111) (128,114) (126,116) (126,117) (126,118) (126,119) (-1,-1) (133,93) (135,93) (137,93) (138,93) (140,96) (143,100) (144,103) (147,107) (150,110) (151,113) (153,116) (-1,-1) (24,149) (23,149) (24,149) (28,149) (33,149) (41,149) (50,149) (60,149) (74,149) (89,150) (101,152) (116,154) (131,156) (143,156) (155,156) (165,158) (175,159) (182,159) (188,159) (191,159) (195,159) (198,159) (200,159) (202,159) (203,159) (-1,-1) (132,160) (132,161) (132,167) (132,174) (132,181) (132,187) (132,192) (132,197) (132,201) (132,204) (132,206) (132,207) (-1,-1) 
Å¸ (82,61) (81,60) (84,60) (86,60) (90,60) (94,60) (97,60) (101,60) (104,60) (106,60) (107,60) (108,60) (109,60) (111,60) (112,60) (113,60) (-1,-1) (81,55) (82,55) (84,55) (85,57) (85,60) (87,64) (87,69) (88,74) (88,80) (88,85) (88,91) (88,94) (88,98) (88,101) (88,103) (88,105) (89,106) (90,107) (92,107) (95,107) (97,107) (99,107) (101,107) (102,107) (103,107) (104,107) (105,107) (106,107) (108,107) (109,107) (111,107) (112,107) (113,107) (-1,-1) (90,81) (91,81) (93,81) (97,81) (101,82) (103,83) (107,83) (109,83) (112,83) (114,83) (117,85) (119,85) (120,85) (121,85) (-1,-1) (131,47) (131,49) (133,53) (133,58) (133,65) (133,75) (133,85) (133,95) (133,102) (133,112) (133,119) (133,124) (133,128) (133,131) (133,133) (133,134) (-1,-1) (133,97) (135,96) (140,96) (143,96) (148,96) (155,96) (163,98) (169,99) (174,101) (177,102) (-1,-1) 
´õ (80,49) (78,50) (80,51) (82,52) (86,52) (91,52) (99,52) (106,52) (113,52) (121,52) (126,52) (133,52) (139,52) (141,52) (143,52) (145,52) (-1,-1) (79,49) (80,49) (80,51) (80,55) (80,61) (80,66) (80,71) (80,77) (80,82) (80,87) (80,93) (80,98) (80,102) (80,106) (80,108) (80,110) (80,113) (80,114) (81,115) (84,115) (90,116) (97,116) (105,118) (110,118) (115,118) (121,118) (123,118) (-1,-1) (154,94) (155,94) (159,94) (164,95) (169,95) (173,95) (177,95) (181,95) (183,95) (186,95) (187,95) (188,95) (-1,-1) (190,77) (190,78) (190,82) (190,87) (190,93) (190,98) (190,105) (190,110) (190,118) (190,123) (190,128) (190,132) (190,134) (190,137) (190,139) (-1,-1) 
µà (78,28) (82,28) (87,28) (91,29) (95,31) (101,32) (109,34) (114,35) (120,36) (123,36) (127,36) (130,36) (132,38) (134,38) (137,38) (140,38) (143,38) (144,39) (-1,-1) (89,30) (88,29) (87,31) (87,35) (87,41) (87,48) (87,55) (87,60) (87,66) (87,71) (87,76) (87,82) (87,86) (87,88) (87,90) (87,93) (87,94) (87,96) (87,97) (87,98) (90,98) (94,98) (101,98) (109,98) (116,98) (123,98) (129,98) (133,98) (-1,-1) (70,124) (71,124) (75,125) (81,126) (89,128) (99,130) (109,131) (121,133) (129,135) (139,136) (147,138) (152,139) (157,139) (161,140) (165,142) (168,142) (170,142) (171,142) (173,143) (-1,-1) (118,135) (118,137) (118,141) (118,146) (118,150) (118,155) (118,161) (118,165) (118,168) (118,171) (118,173) (-1,-1) (141,138) (141,139) (141,142) (141,146) (141,152) (141,155) (141,161) (141,166) (141,171) (141,175) (141,179) (141,183) (141,185) (141,188) (-1,-1) 
ÇÏ (90,41) (91,41) (92,41) (93,41) (93,45) (93,48) (93,52) (93,56) (93,61) (93,67) (93,71) (93,74) (93,77) (93,79) (93,81) (-1,-1) (52,69) (55,70) (57,72) (61,74) (67,75) (73,78) (81,81) (86,83) (90,84) (96,84) (101,85) (107,87) (110,87) (114,88) (118,88) (120,88) (123,89) (125,89) (126,89) (127,89) (128,89) (-1,-1) (75,108) (72,109) (71,110) (70,113) (70,115) (70,117) (70,120) (71,122) (73,125) (74,126) (76,127) (80,128) (82,129) (85,129) (87,129) (89,129) (93,129) (95,129) (96,129) (99,129) (101,129) (102,129) (103,129) (103,128) (103,127) (103,126) (103,124) (103,122) (103,121) (103,119) (103,116) (102,115) (101,114) (101,113) (100,113) (99,112) (98,112) (96,112) (95,111) (94,111) (93,110) (92,110) (91,110) (90,110) (88,110) (86,110) (85,110) (83,111) (82,112) (81,113) (80,114) (80,116) (-1,-1) (157,70) (157,75) (157,82) (157,92) (157,101) (157,111) (157,121) (157,128) (157,132) (157,137) (157,140) (158,144) (160,146) (-1,-1) (160,118) (161,117) (162,116) (166,116) (173,116) (183,116) (191,116) (198,116) (203,116) (207,116) (211,116) (-1,-1) 
¼ö (129,35) (128,35) (126,36) (123,39) (121,41) (116,47) (111,56) (108,61) (105,70) (102,75) (99,81) (98,85) (95,88) (94,90) (93,91) (-1,-1) (108,60) (110,60) (112,60) (115,62) (119,67) (121,69) (124,72) (127,76) (129,78) (132,81) (133,83) (134,84) (135,85) (136,87) (137,90) (-1,-1) (55,107) (56,107) (58,107) (59,107) (60,107) (64,107) (71,107) (79,109) (89,111) (101,112) (113,114) (125,114) (142,114) (154,114) (164,114) (171,114) (175,114) (-1,-1) (124,110) (123,110) (123,111) (123,113) (123,117) (123,123) (123,128) (123,132) (123,136) (123,139) (123,142) (123,144) (121,145) (120,146) (119,146) (-1,-1) 
¹Ù (99,50) (98,53) (97,58) (95,66) (94,74) (92,81) (92,89) (91,96) (91,100) (89,104) (88,107) (88,108) (88,109) (88,111) (89,112) (93,112) (97,112) (102,112) (108,112) (112,112) (116,112) (119,112) (122,112) (124,112) (126,112) (127,112) (128,112) (129,112) (130,112) (133,111) (134,110) (135,108) (136,107) (137,104) (138,102) (139,100) (140,97) (140,95) (140,91) (142,87) (142,85) (142,81) (142,77) (143,75) (143,72) (-1,-1) (81,87) (80,87) (81,88) (84,89) (87,91) (93,92) (99,93) (106,95) (112,96) (116,96) (119,96) (123,96) (127,98) (130,98) (132,98) (134,98) (135,98) (136,98) (138,98) (141,98) (142,98) (-1,-1) (155,71) (155,73) (155,78) (155,87) (155,97) (155,104) (155,111) (155,117) (155,121) (155,124) (155,127) (155,128) (155,130) (155,132) (155,135) (155,136) (155,138) (-1,-1) (149,105) (150,104) (154,103) (160,103) (165,103) (169,103) (173,103) (176,103) (182,103) (186,103) (-1,-1) 
½´ (122,26) (122,27) (122,29) (121,33) (118,37) (117,41) (114,47) (111,51) (108,55) (105,61) (103,65) (101,69) (100,71) (99,75) (98,77) (97,79) (96,80) (96,81) (95,82) (-1,-1) (118,37) (120,36) (122,36) (125,37) (126,39) (129,43) (130,47) (131,53) (134,57) (135,62) (137,66) (138,70) (139,73) (141,75) (142,78) (143,79) (144,81) (144,82) (145,83) (-1,-1) (84,92) (83,93) (82,94) (82,95) (84,96) (88,98) (95,99) (103,101) (111,101) (120,101) (128,101) (135,101) (145,101) (152,101) (158,101) (163,101) (165,101) (-1,-1) (116,101) (115,102) (114,104) (114,106) (114,110) (114,116) (114,119) (114,123) (114,126) (114,127) (113,129) (-1,-1) (141,103) (142,103) (142,104) (142,108) (142,111) (142,115) (142,121) (142,126) (142,130) (142,132) (142,134) (142,137) (142,138) (142,139) (-1,-1) 
À§ (93,84) (93,88) (93,91) (93,97) (93,101) (93,104) (93,108) (94,111) (94,113) (95,115) (97,118) (98,119) (100,121) (101,122) (103,123) (105,123) (108,123) (112,123) (114,123) (116,123) (118,123) (121,123) (122,123) (123,123) (125,123) (126,123) (127,123) (129,121) (130,120) (131,119) (132,117) (134,114) (135,112) (135,110) (135,107) (135,105) (135,103) (135,102) (135,100) (135,97) (135,96) (135,94) (135,93) (134,93) (132,92) (131,91) (130,90) (129,89) (128,89) (126,89) (125,89) (123,89) (121,89) (117,89) (112,89) (108,89) (103,89) (97,89) (93,89) (90,89) (87,89) (85,89) (84,89) (83,89) (82,89) (80,89) (77,89) (75,90) (73,90) (72,91) (71,92) (70,93) (70,94) (70,95) (70,97) (70,98) (70,100) (70,101) (70,102) (70,103) (-1,-1) (71,142) (74,142) (81,144) (89,145) (99,147) (112,149) (124,152) (136,154) (153,156) (163,158) (171,159) (177,159) (180,159) (183,159) (184,159) (185,159) (-1,-1) (150,156) (149,156) (148,156) (148,157) (148,161) (148,165) (148,168) (148,172) (148,176) (148,178) (148,181) (148,183) (148,185) (148,186) (-1,-1) (190,99) (191,99) (192,101) (192,108) (192,116) (192,123) (192,133) (192,143) (192,152) (192,160) (192,165) (192,169) (192,173) (192,175) (192,176) (-1,-1) 
²¨ (91,54) (91,55) (94,55) (99,55) (106,55) (111,55) (119,55) (124,56) (128,56) (132,56) (134,57) (135,58) (135,59) (135,62) (135,64) (135,68) (135,71) (135,75) (135,79) (135,83) (135,87) (135,89) (135,93) (135,95) (135,97) (135,99) (135,100) (-1,-1) (134,51) (135,51) (138,51) (142,52) (147,54) (153,55) (157,56) (161,58) (164,59) (167,59) (169,60) (170,60) (171,60) (172,61) (173,64) (173,67) (175,71) (176,75) (176,81) (176,86) (176,91) (176,95) (176,97) (176,100) (176,102) (176,103) (176,105) (176,106) (176,107) (176,108) (-1,-1) (188,85) (189,84) (191,83) (194,83) (197,83) (200,83) (202,83) (204,83) (207,83) (209,83) (211,83) (214,82) (-1,-1) (216,47) (216,49) (216,54) (216,59) (216,65) (216,72) (216,79) (216,85) (216,90) (216,95) (216,101) (216,106) (216,110) (216,114) (216,116) (216,117) (216,118) (216,119) (-1,-1) 
